-1.00425E+00  -4.70037E+00  5.82877E-01  4.40168E+08  5.01104E+08  5.75730E+08  6.67109E+08  7.78778E+08  9.14817E+08  1.07996E+09  1.27975E+09  1.52077E+09  1.81087E+09  2.15942E+09  2.57768E+09  3.07917E+09  3.68006E+09  4.39980E+09  5.26165E+09  6.29354E+09  7.52893E+09  9.00792E+09  1.07786E+10  1.28986E+10  1.54372E+10  1.84772E+10  2.21182E+10  2.64797E+10  3.17054E+10  3.79676E+10  4.54737E+10  5.44732E+10  6.52663E+10  7.82147E+10  9.37543E+10  1.12411E+11  1.34821E+11  1.61751E+11  1.94131E+11  2.33087E+11  2.79985E+11  3.36483E+11  4.04601E+11
-1.00425E+00  -4.70037E+00  5.82877E-01  4.40168E+08  5.01104E+08  5.75730E+08  6.67109E+08  7.78778E+08  9.14817E+08  1.07996E+09  1.27975E+09  1.52077E+09  1.81087E+09  2.15942E+09  2.57768E+09  3.07917E+09  3.68006E+09  4.39980E+09  5.26165E+09  6.29354E+09  7.52893E+09  9.00792E+09  1.07786E+10  1.28986E+10  1.54372E+10  1.84772E+10  2.21182E+10  2.64797E+10  3.17054E+10  3.79676E+10  4.54737E+10  5.44732E+10  6.52663E+10  7.82147E+10  9.37543E+10  1.12411E+11  1.34821E+11  1.61751E+11  1.94131E+11  2.33087E+11  2.79985E+11  3.36483E+11  4.04601E+11
-1.36046E+00  -3.91741E+00  8.75358E-01  3.23436E+07  3.68212E+07  4.23047E+07  4.90193E+07  5.72248E+07  6.72209E+07  7.93554E+07  9.40363E+07  1.11747E+08  1.33063E+08  1.58674E+08  1.89409E+08  2.26258E+08  2.70412E+08  3.23298E+08  3.86627E+08  4.62451E+08  5.53227E+08  6.61904E+08  7.92014E+08  9.47794E+08  1.13433E+09  1.35771E+09  1.62525E+09  1.94574E+09  2.32972E+09  2.78986E+09  3.34141E+09  4.00270E+09  4.79578E+09  5.74723E+09  6.88909E+09  8.26001E+09  9.90667E+09  1.18855E+10  1.42648E+10  1.71273E+10  2.05733E+10  2.47249E+10  2.97302E+10
-1.02444E+00  -5.45706E+00  1.31642E+00  2.42010E+09  2.75514E+09  3.16544E+09  3.66786E+09  4.28183E+09  5.02979E+09  5.93776E+09  7.03625E+09  8.36142E+09  9.95639E+09  1.18728E+10  1.41725E+10  1.69297E+10  2.02335E+10  2.41907E+10  2.89293E+10  3.46028E+10  4.13951E+10  4.95268E+10  5.92623E+10  7.09185E+10  8.48758E+10  1.01590E+11  1.21609E+11  1.45589E+11  1.74321E+11  2.08751E+11  2.50021E+11  2.99501E+11  3.58843E+11  4.30035E+11  5.15475E+11  6.18053E+11  7.41265E+11  8.89331E+11  1.06736E+12  1.28155E+12  1.53940E+12  1.85003E+12  2.22455E+12
-6.15212E+00  -5.53444E+00  7.75004E-01  4.02513E+00  4.58236E+00  5.26478E+00  6.10039E+00  7.12156E+00  8.36557E+00  9.87570E+00  1.17027E+01  1.39067E+01  1.65595E+01  1.97468E+01  2.35717E+01  2.81575E+01  3.36525E+01  4.02341E+01  4.81153E+01  5.75515E+01  6.88485E+01  8.23732E+01  9.85653E+01  1.17952E+02  1.41166E+02  1.68965E+02  2.02260E+02  2.42145E+02  2.89931E+02  3.47196E+02  4.15835E+02  4.98131E+02  5.96829E+02  7.15236E+02  8.57339E+02  1.02795E+03  1.23287E+03  1.47914E+03  1.77524E+03  2.13147E+03  2.56033E+03  3.07698E+03  3.69989E+03
-7.69631E+00  -3.59896E+00  8.50472E-01  7.33770E-05  8.35352E-05  9.59755E-05  1.11209E-04  1.29824E-04  1.52502E-04  1.80031E-04  2.13337E-04  2.53516E-04  3.01875E-04  3.59980E-04  4.29706E-04  5.13304E-04  6.13475E-04  7.33457E-04  8.77130E-04  1.04915E-03  1.25509E-03  1.50164E-03  1.79682E-03  2.15023E-03  2.57341E-03  3.08019E-03  3.68715E-03  4.41423E-03  5.28536E-03  6.32928E-03  7.58057E-03  9.08080E-03  1.08800E-02  1.30386E-02  1.56291E-02  1.87392E-02  2.24750E-02  2.69643E-02  3.23621E-02  3.88562E-02  4.66741E-02  5.60926E-02  6.74480E-02
-1.19099E+01  -5.35744E+00  1.64840E-01  6.75364E-12  7.68861E-12  8.83362E-12  1.02357E-11  1.19491E-11  1.40363E-11  1.65701E-11  1.96356E-11  2.33337E-11  2.77847E-11  3.31327E-11  3.95503E-11  4.72447E-11  5.64645E-11  6.75076E-11  8.07313E-11  9.65639E-11  1.15519E-10  1.38212E-10  1.65380E-10  1.97908E-10  2.36858E-10  2.83501E-10  3.39367E-10  4.06288E-10  4.86466E-10  5.82549E-10  6.97718E-10  8.35800E-10  1.00140E-09  1.20007E-09  1.43850E-09  1.72477E-09  2.06860E-09  2.48180E-09  2.97862E-09  3.57633E-09  4.29590E-09  5.16278E-09  6.20793E-09
-1.19394E+01  -3.60772E+00  3.19584E-01  1.86712E-13  2.12560E-13  2.44215E-13  2.82977E-13  3.30345E-13  3.88050E-13  4.58100E-13  5.42849E-13  6.45087E-13  7.68140E-13  9.15989E-13  1.09341E-12  1.30613E-12  1.56102E-12  1.86632E-12  2.23191E-12  2.66962E-12  3.19365E-12  3.82101E-12  4.57211E-12  5.47139E-12  6.54820E-12  7.83772E-12  9.38218E-12  1.12323E-11  1.34489E-11  1.61052E-11  1.92892E-11  2.31066E-11  2.76849E-11  3.31774E-11  3.97691E-11  4.76831E-11  5.71889E-11  6.86122E-11  8.23473E-11  9.88718E-11  1.18765E-10  1.42731E-10  1.71625E-10
-7.50006E+00  -4.50201E+00  4.78089E-01  8.84938E-04  1.00745E-03  1.15748E-03  1.34119E-03  1.56570E-03  1.83920E-03  2.17121E-03  2.57288E-03  3.05745E-03  3.64066E-03  4.34141E-03  5.18232E-03  6.19053E-03  7.39861E-03  8.84560E-03  1.05783E-02  1.26529E-02  1.51366E-02  1.81100E-02  2.16699E-02  2.59321E-02  3.10358E-02  3.71475E-02  4.44676E-02  5.32364E-02  6.37423E-02  7.63321E-02  9.14228E-02  1.09516E-01  1.31215E-01  1.57247E-01  1.88489E-01  2.25998E-01  2.71052E-01  3.25194E-01  3.90292E-01  4.68611E-01  5.62897E-01  6.76485E-01  8.13433E-01
-1.35774E+01  -3.11690E+00  1.52552E-01  3.59767E-17  4.09573E-17  4.70568E-17  5.45255E-17  6.36527E-17  7.47717E-17  8.82693E-17  1.04599E-16  1.24299E-16  1.48009E-16  1.76498E-16  2.10685E-16  2.51673E-16  3.00787E-16  3.59614E-16  4.30057E-16  5.14397E-16  6.15370E-16  7.36254E-16  8.80980E-16  1.05426E-15  1.26174E-15  1.51022E-15  1.80781E-15  2.16430E-15  2.59141E-15  3.10325E-15  3.71675E-15  4.45232E-15  5.33448E-15  6.39281E-15  7.66293E-15  9.18784E-15  1.10195E-14  1.32206E-14  1.58671E-14  1.90512E-14  2.28843E-14  2.75022E-14  3.30697E-14
-1.38710E+01  -5.20213E+00  1.32076E-01  5.90406E-16  6.72141E-16  7.72238E-16  8.94806E-16  1.04459E-15  1.22706E-15  1.44857E-15  1.71656E-15  2.03984E-15  2.42895E-15  2.89647E-15  3.45750E-15  4.13015E-15  4.93615E-15  5.90154E-15  7.05756E-15  8.44166E-15  1.00987E-14  1.20825E-14  1.44576E-14  1.73012E-14  2.07062E-14  2.47838E-14  2.96676E-14  3.55178E-14  4.25271E-14  5.09267E-14  6.09948E-14  7.30660E-14  8.75430E-14  1.04911E-13  1.25755E-13  1.50780E-13  1.80838E-13  2.16960E-13  2.60392E-13  3.12645E-13  3.75549E-13  4.51332E-13  5.42700E-13
-1.51557E+01  -2.89855E+00  8.57766E-01  2.20444E-20  2.50962E-20  2.88336E-20  3.34100E-20  3.90026E-20  4.58157E-20  5.40862E-20  6.40922E-20  7.61630E-20  9.06914E-20  1.08147E-19  1.29095E-19  1.54210E-19  1.84304E-19  2.20350E-19  2.63513E-19  3.15192E-19  3.77062E-19  4.51133E-19  5.39812E-19  6.45987E-19  7.73122E-19  9.25370E-19  1.10772E-18  1.32615E-18  1.58786E-18  1.90148E-18  2.27740E-18  2.72811E-18  3.26865E-18  3.91713E-18  4.69539E-18  5.62976E-18  6.75208E-18  8.10079E-18  9.72244E-18  1.16734E-17  1.40221E-17  1.68517E-17  2.02632E-17
-1.75546E+01  -2.16887E+00  6.82802E-01  7.31885E-26  8.33206E-26  9.57289E-26  1.10923E-25  1.29491E-25  1.52110E-25  1.79569E-25  2.12789E-25  2.52865E-25  3.01100E-25  3.59055E-25  4.28602E-25  5.11985E-25  6.11899E-25  7.31572E-25  8.74876E-25  1.04645E-24  1.25187E-24  1.49778E-24  1.79220E-24  2.14471E-24  2.56680E-24  3.07227E-24  3.67768E-24  4.40289E-24  5.27178E-24  6.31302E-24  7.56109E-24  9.05747E-24  1.08521E-23  1.30051E-23  1.55889E-23  1.86911E-23  2.24172E-23  2.68950E-23  3.22790E-23  3.87563E-23  4.65542E-23  5.59484E-23  6.72747E-23
-1.84459E+01  -2.83530E+00  9.60194E-01  5.53262E-27  6.29855E-27  7.23655E-27  8.38512E-27  9.78873E-27  1.14986E-26  1.35744E-26  1.60856E-26  1.91151E-26  2.27614E-26  2.71425E-26  3.23998E-26  3.87031E-26  4.62560E-26  5.53026E-26  6.61355E-26  7.91057E-26  9.46337E-26  1.13224E-25  1.35480E-25  1.62127E-25  1.94035E-25  2.32246E-25  2.78011E-25  3.32833E-25  3.98516E-25  4.77227E-25  5.71574E-25  6.84692E-25  8.20354E-25  9.83107E-25  1.17843E-24  1.41294E-24  1.69461E-24  2.03311E-24  2.44010E-24  2.92975E-24  3.51923E-24  4.22938E-24  5.08557E-24
-1.22555E+01  -4.01540E+00  8.43845E-01  1.27420E-13  1.45060E-13  1.66662E-13  1.93114E-13  2.25441E-13  2.64821E-13  3.12626E-13  3.70462E-13  4.40233E-13  5.24209E-13  6.25107E-13  7.46187E-13  8.91357E-13  1.06530E-12  1.27365E-12  1.52314E-12  1.82185E-12  2.17947E-12  2.60761E-12  3.12019E-12  3.73390E-12  4.46875E-12  5.34877E-12  6.40277E-12  7.66535E-12  9.17806E-12  1.09908E-11  1.31637E-11  1.57689E-11  1.88933E-11  2.26416E-11  2.71400E-11  3.25408E-11  3.90279E-11  4.68237E-11  5.61971E-11  6.74740E-11  8.10499E-11  9.74051E-11  1.17124E-10
-1.10114E+01  -3.41655E+00  9.20076E-01  1.26074E-11  1.43528E-11  1.64903E-11  1.91076E-11  2.23061E-11  2.62025E-11  3.09325E-11  3.66551E-11  4.35585E-11  5.18675E-11  6.18508E-11  7.38309E-11  8.81946E-11  1.05406E-10  1.26021E-10  1.50706E-10  1.80262E-10  2.15646E-10  2.58008E-10  3.08725E-10  3.69448E-10  4.42157E-10  5.29230E-10  6.33517E-10  7.58442E-10  9.08117E-10  1.08748E-09  1.30247E-09  1.56024E-09  1.86938E-09  2.24025E-09  2.68535E-09  3.21973E-09  3.86159E-09  4.63294E-09  5.56038E-09  6.67617E-09  8.01943E-09  9.63768E-09  1.15887E-08
-2.33742E+00  -1.86035E+00  1.71359E-01  2.66165E+04  3.03012E+04  3.48138E+04  4.03393E+04  4.70919E+04  5.53180E+04  6.53039E+04  7.73852E+04  9.19595E+04  1.09501E+05  1.30578E+05  1.55870E+05  1.86194E+05  2.22530E+05  2.66051E+05  3.18167E+05  3.80564E+05  4.55266E+05  5.44699E+05  6.51771E+05  7.79967E+05  9.33470E+05  1.11729E+06  1.33746E+06  1.60120E+06  1.91719E+06  2.29586E+06  2.74975E+06  3.29393E+06  3.94658E+06  4.72956E+06  5.66922E+06  6.79740E+06  8.15248E+06  9.78092E+06  1.17389E+07  1.40945E+07  1.69304E+07  2.03468E+07  2.44658E+07
-4.91642E+00  -3.43376E+00  7.44731E-01  1.76611E+01  2.01061E+01  2.31003E+01  2.67668E+01  3.12473E+01  3.67057E+01  4.33317E+01  5.13481E+01  6.10188E+01  7.26583E+01  8.66434E+01  1.03426E+02  1.23547E+02  1.47657E+02  1.76535E+02  2.11116E+02  2.52519E+02  3.02087E+02  3.61430E+02  4.32476E+02  5.17539E+02  6.19394E+02  7.41370E+02  8.87460E+02  1.06246E+03  1.27213E+03  1.52339E+03  1.82456E+03  2.18566E+03  2.61871E+03  3.13825E+03  3.76176E+03  4.51034E+03  5.40949E+03  6.49003E+03  7.78923E+03  9.35228E+03  1.12340E+04  1.35009E+04  1.62340E+04
-7.25289E+00  -4.45602E+00  1.15880E+00  4.06150E-03  4.62377E-03  5.31235E-03  6.15551E-03  7.18591E-03  8.44116E-03  9.96493E-03  1.18085E-02  1.40324E-02  1.67091E-02  1.99253E-02  2.37847E-02  2.84120E-02  3.39565E-02  4.05976E-02  4.85501E-02  5.80715E-02  6.94706E-02  8.31175E-02  9.94559E-02  1.19018E-01  1.42441E-01  1.70492E-01  2.04088E-01  2.44333E-01  2.92550E-01  3.50333E-01  4.19593E-01  5.02632E-01  6.02222E-01  7.21699E-01  8.65086E-01  1.03724E+00  1.24401E+00  1.49250E+00  1.79128E+00  2.15073E+00  2.58346E+00  3.10478E+00  3.73332E+00
-9.29461E+00  -3.25917E+00  2.14516E-01  1.77369E-08  2.01924E-08  2.31995E-08  2.68817E-08  3.13815E-08  3.68633E-08  4.35178E-08  5.15686E-08  6.12808E-08  7.29704E-08  8.70155E-08  1.03870E-07  1.24078E-07  1.48291E-07  1.77294E-07  2.12023E-07  2.53604E-07  3.03385E-07  3.62982E-07  4.34333E-07  5.19762E-07  6.22054E-07  7.44553E-07  8.91271E-07  1.06702E-06  1.27759E-06  1.52994E-06  1.83240E-06  2.19504E-06  2.62996E-06  3.15173E-06  3.77791E-06  4.52971E-06  5.43273E-06  6.51790E-06  7.82268E-06  9.39244E-06  1.12822E-05  1.35589E-05  1.63037E-05
-1.48205E+01  -5.05343E+00  6.26975E-01  6.51280E-18  7.41443E-18  8.51860E-18  9.87066E-18  1.15229E-17  1.35358E-17  1.59792E-17  1.89354E-17  2.25016E-17  2.67939E-17  3.19511E-17  3.81399E-17  4.55599E-17  5.44509E-17  6.51002E-17  7.78524E-17  9.31204E-17  1.11399E-16  1.33283E-16  1.59482E-16  1.90851E-16  2.28411E-16  2.73392E-16  3.27265E-16  3.91799E-16  4.69118E-16  5.61775E-16  6.72837E-16  8.05995E-16  9.65691E-16  1.15728E-15  1.38721E-15  1.66326E-15  1.99484E-15  2.39330E-15  2.87240E-15  3.44880E-15  4.14270E-15  4.97867E-15  5.98655E-15
-6.17281E+00  -3.33454E+00  1.28202E-01  3.56370E-02  4.05706E-02  4.66125E-02  5.40107E-02  6.30518E-02  7.40658E-02  8.74359E-02  1.03612E-01  1.23125E-01  1.46612E-01  1.74832E-01  2.08695E-01  2.49297E-01  2.97947E-01  3.56218E-01  4.25996E-01  5.09540E-01  6.09560E-01  7.29303E-01  8.72662E-01  1.04430E+00  1.24983E+00  1.49596E+00  1.79074E+00  2.14386E+00  2.56694E+00  3.07395E+00  3.68166E+00  4.41028E+00  5.28411E+00  6.33245E+00  7.59058E+00  9.10109E+00  1.09154E+01  1.30958E+01  1.57173E+01  1.88713E+01  2.26682E+01  2.72425E+01  3.27575E+01
-1.60936E+01  -1.98693E+00  6.27261E-01  4.12422E-23  4.69517E-23  5.39439E-23  6.25058E-23  7.29688E-23  8.57152E-23  1.01188E-22  1.19908E-22  1.42491E-22  1.69672E-22  2.02330E-22  2.41520E-22  2.88507E-22  3.44809E-22  4.12246E-22  4.92999E-22  5.89683E-22  7.05434E-22  8.44011E-22  1.00992E-21  1.20856E-21  1.44641E-21  1.73125E-21  2.07240E-21  2.48106E-21  2.97068E-21  3.55743E-21  4.26073E-21  5.10395E-21  6.11522E-21  7.32844E-21  8.78446E-21  1.05326E-20  1.26323E-20  1.51555E-20  1.81894E-20  2.18395E-20  2.62336E-20  3.15273E-20  3.79097E-20
-1.26907E+01  -3.25388E+00  1.91061E-01  2.82064E-15  3.21113E-15  3.68934E-15  4.27491E-15  4.99050E-15  5.86225E-15  6.92049E-15  8.20078E-15  9.74528E-15  1.16042E-14  1.38378E-14  1.65181E-14  1.97316E-14  2.35823E-14  2.81944E-14  3.37173E-14  4.03297E-14  4.82462E-14  5.77238E-14  6.90705E-14  8.26559E-14  9.89232E-14  1.18404E-13  1.41736E-13  1.69685E-13  2.03172E-13  2.43300E-13  2.91400E-13  3.49070E-13  4.18234E-13  5.01208E-13  6.00788E-13  7.20345E-13  8.63948E-13  1.03652E-12  1.24401E-12  1.49365E-12  1.79417E-12  2.15622E-12  2.59273E-12
-3.06526E+00  -5.76734E+00  1.39489E+00  7.51429E+06  8.55456E+06  9.82852E+06  1.13885E+07  1.32948E+07  1.56172E+07  1.84364E+07  2.18472E+07  2.59617E+07  3.09140E+07  3.68643E+07  4.40047E+07  5.25657E+07  6.28239E+07  7.51108E+07  8.98239E+07  1.07440E+08  1.28529E+08  1.53778E+08  1.84006E+08  2.20198E+08  2.63534E+08  3.15432E+08  3.77589E+08  4.52047E+08  5.41256E+08  6.48160E+08  7.76300E+08  9.29934E+08  1.11419E+09  1.33523E+09  1.60052E+09  1.91902E+09  2.30159E+09  2.76132E+09  3.31409E+09  3.97913E+09  4.77974E+09  5.74425E+09  6.90712E+09
-1.97766E+01  -2.65719E+00  9.83078E-01  8.62552E-30  9.81963E-30  1.12820E-29  1.30727E-29  1.52609E-29  1.79267E-29  2.11628E-29  2.50780E-29  2.98010E-29  3.54857E-29  4.23159E-29  5.05123E-29  6.03393E-29  7.21145E-29  8.62184E-29  1.03107E-28  1.23328E-28  1.47537E-28  1.76519E-28  2.11217E-28  2.52762E-28  3.02507E-28  3.62079E-28  4.33428E-28  5.18897E-28  6.21298E-28  7.44012E-28  8.91102E-28  1.06746E-27  1.27896E-27  1.53269E-27  1.83721E-27  2.20281E-27  2.64195E-27  3.16967E-27  3.80419E-27  4.56757E-27  5.48658E-27  6.59372E-27  7.92856E-27
-1.52540E+01  -4.94849E+00  6.09479E-01  7.10934E-19  8.09355E-19  9.29887E-19  1.07748E-18  1.25784E-18  1.47756E-18  1.74429E-18  2.06698E-18  2.45627E-18  2.92481E-18  3.48777E-18  4.16333E-18  4.97330E-18  5.94383E-18  7.10631E-18  8.49833E-18  1.01650E-17  1.21603E-17  1.45491E-17  1.74090E-17  2.08332E-17  2.49333E-17  2.98433E-17  3.57241E-17  4.27686E-17  5.12087E-17  6.13231E-17  7.34465E-17  8.79820E-17  1.05414E-16  1.26328E-16  1.51427E-16  1.81561E-16  2.17755E-16  2.61251E-16  3.13550E-16  3.76469E-16  4.52216E-16  5.43469E-16  6.53489E-16
-1.77393E+01  -1.35348E+00  4.33168E-01  5.46763E-27  6.22457E-27  7.15155E-27  8.28663E-27  9.67375E-27  1.13636E-26  1.34149E-26  1.58967E-26  1.88906E-26  2.24940E-26  2.68236E-26  3.20192E-26  3.82485E-26  4.57127E-26  5.46530E-26  6.53587E-26  7.81765E-26  9.35221E-26  1.11894E-25  1.33889E-25  1.60223E-25  1.91756E-25  2.29518E-25  2.74746E-25  3.28924E-25  3.93835E-25  4.71622E-25  5.64861E-25  6.76650E-25  8.10718E-25  9.71559E-25  1.16459E-24  1.39634E-24  1.67471E-24  2.00923E-24  2.41144E-24  2.89534E-24  3.47789E-24  4.17970E-24  5.02584E-24
-1.81477E+01  -2.87309E+00  1.62253E-01  1.60346E-26  1.82545E-26  2.09730E-26  2.43018E-26  2.83697E-26  3.33254E-26  3.93412E-26  4.66194E-26  5.53995E-26  6.59671E-26  7.86643E-26  9.39011E-26  1.12169E-25  1.34059E-25  1.60278E-25  1.91674E-25  2.29264E-25  2.74268E-25  3.28145E-25  3.92648E-25  4.69878E-25  5.62353E-25  6.73096E-25  8.05732E-25  9.64617E-25  1.15498E-24  1.38310E-24  1.65654E-24  1.98438E-24  2.37755E-24  2.84924E-24  3.41533E-24  4.09498E-24  4.91133E-24  5.89235E-24  7.07191E-24  8.49101E-24  1.01994E-23  1.22576E-23  1.47390E-23
-5.24856E+00  -3.67940E+00  1.24043E-01  4.98114E+00  5.67072E+00  6.51522E+00  7.54931E+00  8.81301E+00  1.03525E+01  1.22213E+01  1.44822E+01  1.72098E+01  2.04926E+01  2.44369E+01  2.91702E+01  3.48453E+01  4.16453E+01  4.97901E+01  5.95433E+01  7.12206E+01  8.52008E+01  1.01938E+02  1.21976E+02  1.45967E+02  1.74694E+02  2.09096E+02  2.50300E+02  2.99657E+02  3.58792E+02  4.29658E+02  5.14601E+02  6.16443E+02  7.38583E+02  8.85113E+02  1.06097E+03  1.27210E+03  1.52570E+03  1.83045E+03  2.19688E+03  2.63772E+03  3.16844E+03  3.80780E+03  4.57865E+03
-1.54440E+00  -3.61915E+00  1.94767E-01  9.44617E+06  1.07539E+07  1.23554E+07  1.43164E+07  1.67129E+07  1.96323E+07  2.31763E+07  2.74639E+07  3.26364E+07  3.88619E+07  4.63419E+07  5.53181E+07  6.60801E+07  7.89756E+07  9.44214E+07  1.12917E+08  1.35062E+08  1.61574E+08  1.93313E+08  2.31313E+08  2.76810E+08  3.31288E+08  3.96527E+08  4.74665E+08  5.68265E+08  6.80410E+08  8.14799E+08  9.75883E+08  1.16902E+09  1.40064E+09  1.67852E+09  2.01200E+09  2.41239E+09  2.89331E+09  3.47124E+09  4.16613E+09  5.00214E+09  6.00858E+09  7.22106E+09  8.68290E+09
-1.13861E+00  -3.62643E+00  1.82694E-01  3.30940E+07  3.76755E+07  4.32863E+07  5.01566E+07  5.85525E+07  6.87805E+07  8.11966E+07  9.62181E+07  1.14339E+08  1.36150E+08  1.62356E+08  1.93803E+08  2.31507E+08  2.76686E+08  3.30799E+08  3.95598E+08  4.73180E+08  5.66063E+08  6.77261E+08  8.10390E+08  9.69785E+08  1.16064E+09  1.38921E+09  1.66296E+09  1.99088E+09  2.38377E+09  2.85459E+09  3.41894E+09  4.09557E+09  4.90705E+09  5.88057E+09  7.04892E+09  8.45165E+09  1.01365E+10  1.21613E+10  1.45958E+10  1.75247E+10  2.10507E+10  2.52985E+10  3.04200E+10
-1.84267E+01  -1.70762E+00  4.79853E-01  4.75537E-28  5.41370E-28  6.21992E-28  7.20713E-28  8.41356E-28  9.88326E-28  1.16674E-27  1.38258E-27  1.64297E-27  1.95637E-27  2.33293E-27  2.78481E-27  3.32659E-27  3.97577E-27  4.75334E-27  5.68445E-27  6.79925E-27  8.13391E-27  9.73174E-27  1.16447E-26  1.39351E-26  1.66776E-26  1.99619E-26  2.38955E-26  2.86075E-26  3.42530E-26  4.10184E-26  4.91277E-26  5.88503E-26  7.05106E-26  8.44995E-26  1.01288E-25  1.21444E-25  1.45654E-25  1.74748E-25  2.09730E-25  2.51817E-25  3.02483E-25  3.63521E-25  4.37112E-25
-1.04040E+01  -3.89516E+00  1.06775E+00  6.08029E-10  6.92203E-10  7.95288E-10  9.21515E-10  1.07577E-09  1.26369E-09  1.49181E-09  1.76779E-09  2.10073E-09  2.50145E-09  2.98292E-09  3.56070E-09  4.25343E-09  5.08348E-09  6.07769E-09  7.26822E-09  8.69363E-09  1.04001E-08  1.24432E-08  1.48891E-08  1.78176E-08  2.13242E-08  2.55236E-08  3.05531E-08  3.65780E-08  4.37964E-08  5.24467E-08  6.28154E-08  7.52469E-08  9.01560E-08  1.08042E-07  1.29508E-07  1.55280E-07  1.86236E-07  2.23436E-07  2.68164E-07  3.21976E-07  3.86759E-07  4.64803E-07  5.58899E-07
-1.67863E+01  -3.11661E+00  3.10026E-01  1.41797E-23  1.61428E-23  1.85468E-23  2.14905E-23  2.50879E-23  2.94703E-23  3.47902E-23  4.12264E-23  4.89908E-23  5.83360E-23  6.95643E-23  8.30386E-23  9.91936E-23  1.18551E-22  1.41737E-22  1.69501E-22  2.02743E-22  2.42540E-22  2.90185E-22  3.47226E-22  4.15522E-22  4.97300E-22  5.95231E-22  7.12525E-22  8.53029E-22  1.02137E-21  1.22310E-21  1.46491E-21  1.75482E-21  2.10251E-21  2.51964E-21  3.02024E-21  3.62127E-21  4.34318E-21  5.21072E-21  6.25382E-21  7.50877E-21  9.01955E-21  1.08396E-20  1.30340E-20
-9.80518E+00  -3.19669E+00  1.22851E-01  1.47209E-09  1.67589E-09  1.92546E-09  2.23107E-09  2.60454E-09  3.05950E-09  3.61180E-09  4.27998E-09  5.08606E-09  6.05624E-09  7.22193E-09  8.62078E-09  1.02979E-08  1.23076E-08  1.47146E-08  1.75970E-08  2.10481E-08  2.51797E-08  3.01260E-08  3.60479E-08  4.31381E-08  5.16279E-08  6.17949E-08  7.39718E-08  8.85586E-08  1.06035E-07  1.26978E-07  1.52082E-07  1.82179E-07  2.18276E-07  2.61580E-07  3.13551E-07  3.75947E-07  4.50894E-07  5.40959E-07  6.49250E-07  7.79534E-07  9.36378E-07  1.12533E-06  1.35314E-06
-9.32192E+00  -4.37590E+00  1.17377E+00  2.55822E-07  2.91237E-07  3.34609E-07  3.87718E-07  4.52619E-07  5.31683E-07  6.27661E-07  7.43780E-07  8.83859E-07  1.05246E-06  1.25503E-06  1.49813E-06  1.78958E-06  2.13882E-06  2.55712E-06  3.05803E-06  3.65775E-06  4.37575E-06  5.23532E-06  6.26443E-06  7.49657E-06  8.97195E-06  1.07388E-05  1.28549E-05  1.53898E-05  1.84269E-05  2.20664E-05  2.64289E-05  3.16593E-05  3.79322E-05  4.54577E-05  5.44892E-05  6.53325E-05  7.83568E-05  9.40083E-05  1.12827E-04  1.35468E-04  1.62725E-04  1.95561E-04  2.35151E-04
-1.16428E+00  -1.95731E+00  2.44760E-01  1.10128E+06  1.25374E+06  1.44045E+06  1.66908E+06  1.94847E+06  2.28884E+06  2.70201E+06  3.20189E+06  3.80492E+06  4.53072E+06  5.40278E+06  6.44927E+06  7.70396E+06  9.20738E+06  1.10081E+07  1.31645E+07  1.57462E+07  1.88371E+07  2.25375E+07  2.69677E+07  3.22719E+07  3.86232E+07  4.62292E+07  5.53389E+07  6.62513E+07  7.93257E+07  9.49934E+07  1.13773E+08  1.36290E+08  1.63294E+08  1.95690E+08  2.34570E+08  2.81249E+08  3.37317E+08  4.04695E+08  4.85709E+08  5.83175E+08  7.00511E+08  8.41869E+08  1.01230E+09
-7.58644E+00  -4.83114E+00  1.12267E+00  1.78155E-03  2.02819E-03  2.33023E-03  2.70008E-03  3.15206E-03  3.70266E-03  4.37106E-03  5.17971E-03  6.15523E-03  7.32936E-03  8.74010E-03  1.04330E-02  1.24627E-02  1.48948E-02  1.78079E-02  2.12962E-02  2.54727E-02  3.04729E-02  3.64590E-02  4.36257E-02  5.22064E-02  6.24810E-02  7.47852E-02  8.95220E-02  1.07175E-01  1.28325E-01  1.53671E-01  1.84052E-01  2.20477E-01  2.64161E-01  3.16569E-01  3.79465E-01  4.54978E-01  5.45679E-01  6.54678E-01  7.85734E-01  9.43405E-01  1.13322E+00  1.36190E+00  1.63760E+00
-1.87019E+01  -2.64286E+00  9.20362E-01  1.12343E-27  1.27896E-27  1.46942E-27  1.70265E-27  1.98766E-27  2.33487E-27  2.75635E-27  3.26628E-27  3.88143E-27  4.62183E-27  5.51143E-27  6.57896E-27  7.85888E-27  9.39254E-27  1.12295E-26  1.34292E-26  1.60629E-26  1.92159E-26  2.29907E-26  2.75100E-26  3.29209E-26  3.93999E-26  4.71589E-26  5.64517E-26  6.75836E-26  8.09209E-26  9.69037E-26  1.16061E-25  1.39031E-25  1.66578E-25  1.99625E-25  2.39287E-25  2.86905E-25  3.44100E-25  4.12834E-25  4.95476E-25  5.94903E-25  7.14598E-25  8.58798E-25  1.03265E-24
-2.22142E+00  -3.76842E+00  8.29543E-01  1.77808E+06  2.02423E+06  2.32569E+06  2.69482E+06  3.14591E+06  3.69545E+06  4.36254E+06  5.16961E+06  6.14323E+06  7.31508E+06  8.72307E+06  1.04127E+07  1.24384E+07  1.48658E+07  1.77732E+07  2.12547E+07  2.54231E+07  3.04135E+07  3.63879E+07  4.35407E+07  5.21047E+07  6.23592E+07  7.46394E+07  8.93475E+07  1.06966E+08  1.28075E+08  1.53372E+08  1.83693E+08  2.20047E+08  2.63646E+08  3.15952E+08  3.78725E+08  4.54091E+08  5.44616E+08  6.53402E+08  7.84202E+08  9.41567E+08  1.13101E+09  1.35924E+09  1.63441E+09
-5.79933E+00  -3.44091E+00  1.26105E-01  2.45718E-01  2.79735E-01  3.21394E-01  3.72405E-01  4.34744E-01  5.10686E-01  6.02873E-01  7.14405E-01  8.48953E-01  1.01089E+00  1.20547E+00  1.43896E+00  1.71891E+00  2.05435E+00  2.45613E+00  2.93726E+00  3.51330E+00  4.20294E+00  5.02856E+00  6.01703E+00  7.20051E+00  8.61762E+00  1.03147E+01  1.23472E+01  1.47820E+01  1.76991E+01  2.11949E+01  2.53851E+01  3.04090E+01  3.64341E+01  4.36624E+01  5.23372E+01  6.27523E+01  7.52622E+01  9.02957E+01  1.08371E+02  1.30118E+02  1.56298E+02  1.87838E+02  2.25864E+02
-5.59156E+00  -4.43919E+00  9.52971E-01  6.83856E+00  7.78529E+00  8.94469E+00  1.03644E+01  1.20993E+01  1.42128E+01  1.67785E+01  1.98825E+01  2.36271E+01  2.81341E+01  3.35493E+01  4.00476E+01  4.78388E+01  5.71745E+01  6.83564E+01  8.17464E+01  9.77782E+01  1.16971E+02  1.39949E+02  1.67459E+02  2.00397E+02  2.39836E+02  2.87066E+02  3.43634E+02  4.11396E+02  4.92583E+02  5.89874E+02  7.06491E+02  8.46309E+02  1.01399E+03  1.21516E+03  1.45659E+03  1.74645E+03  2.09461E+03  2.51301E+03  3.01607E+03  3.62130E+03  4.34992E+03  5.22769E+03  6.28599E+03
-1.29261E+01  -3.03248E+00  1.69536E-01  6.11723E-16  6.96409E-16  8.00120E-16  9.27113E-16  1.08231E-15  1.27137E-15  1.50087E-15  1.77853E-15  2.11349E-15  2.51665E-15  3.00105E-15  3.58233E-15  4.27927E-15  5.11437E-15  6.11461E-15  7.31238E-15  8.74644E-15  1.04633E-14  1.25187E-14  1.49796E-14  1.79259E-14  2.14538E-14  2.56786E-14  3.07387E-14  3.68002E-14  4.40625E-14  5.27654E-14  6.31970E-14  7.57040E-14  9.07037E-14  1.08699E-13  1.30295E-13  1.56224E-13  1.87367E-13  2.24793E-13  2.69794E-13  3.23933E-13  3.89108E-13  4.67627E-13  5.62294E-13
-5.58538E+00  -4.32467E+00  4.70640E-01  4.17642E+00  4.75459E+00  5.46266E+00  6.32968E+00  7.38923E+00  8.68000E+00  1.02469E+01  1.21426E+01  1.44294E+01  1.71819E+01  2.04891E+01  2.44577E+01  2.92159E+01  3.49173E+01  4.17463E+01  4.99238E+01  5.97146E+01  7.14363E+01  8.54693E+01  1.02270E+02  1.22385E+02  1.46472E+02  1.75316E+02  2.09863E+02  2.51246E+02  3.00828E+02  3.60245E+02  4.31465E+02  5.16854E+02  6.19262E+02  7.42119E+02  8.89563E+02  1.06659E+03  1.27921E+03  1.53473E+03  1.84196E+03  2.21159E+03  2.65656E+03  3.19263E+03  3.83895E+03
-1.71315E+01  -2.80965E+00  9.15452E-01  2.15794E-24  2.45669E-24  2.82254E-24  3.27053E-24  3.81800E-24  4.48493E-24  5.29454E-24  6.27404E-24  7.45566E-24  8.87785E-24  1.05866E-23  1.26372E-23  1.50958E-23  1.80417E-23  2.15702E-23  2.57955E-23  3.08544E-23  3.69109E-23  4.41618E-23  5.28426E-23  6.32362E-23  7.56815E-23  9.05852E-23  1.08435E-22  1.29818E-22  1.55437E-22  1.86138E-22  2.22937E-22  2.67057E-22  3.19971E-22  3.83451E-22  4.59635E-22  5.51102E-22  6.60966E-22  7.92993E-22  9.51738E-22  1.14272E-21  1.37264E-21  1.64963E-21  1.98358E-21
-4.21663E+00  -5.22941E+00  1.12334E+00  2.01295E+04  2.29162E+04  2.63289E+04  3.05078E+04  3.56146E+04  4.18358E+04  4.93879E+04  5.85247E+04  6.95470E+04  8.28133E+04  9.87530E+04  1.17881E+05  1.40814E+05  1.68294E+05  2.01209E+05  2.40622E+05  2.87812E+05  3.44308E+05  4.11944E+05  4.92920E+05  5.89872E+05  7.05963E+05  8.44986E+05  1.01149E+06  1.21095E+06  1.44993E+06  1.73631E+06  2.07957E+06  2.49113E+06  2.98471E+06  3.57686E+06  4.28751E+06  5.14072E+06  6.16554E+06  7.39710E+06  8.87788E+06  1.06594E+07  1.28041E+07  1.53878E+07  1.85030E+07
-1.61393E+01  -3.05597E+00  1.66353E-01  2.40088E-22  2.73325E-22  3.14030E-22  3.63872E-22  4.24782E-22  4.98984E-22  5.89059E-22  6.98035E-22  8.29500E-22  9.87730E-22  1.17785E-21  1.40599E-21  1.67952E-21  2.00728E-21  2.39985E-21  2.86995E-21  3.43279E-21  4.10663E-21  4.91334E-21  5.87915E-21  7.03552E-21  8.42015E-21  1.00783E-20  1.20643E-20  1.44433E-20  1.72936E-20  2.07093E-20  2.48035E-20  2.97122E-20  3.55992E-20  4.26619E-20  5.11380E-20  6.13144E-20  7.35376E-20  8.82266E-20  1.05888E-19  1.27137E-19  1.52717E-19  1.83534E-19  2.20688E-19
-1.41787E+01  -3.68667E+00  3.23350E-01  7.26877E-18  8.27505E-18  9.50739E-18  1.10164E-17  1.28605E-17  1.51070E-17  1.78340E-17  2.11333E-17  2.51135E-17  2.99040E-17  3.56598E-17  4.25669E-17  5.08482E-17  6.07712E-17  7.26567E-17  8.68890E-17  1.03929E-16  1.24330E-16  1.48754E-16  1.77994E-16  2.13003E-16  2.54924E-16  3.05125E-16  3.65252E-16  4.37277E-16  5.23571E-16  6.26982E-16  7.50936E-16  8.99550E-16  1.07778E-15  1.29161E-15  1.54822E-15  1.85632E-15  2.22638E-15  2.67110E-15  3.20581E-15  3.84912E-15  4.62357E-15  5.55656E-15  6.68144E-15
-6.17439E+00  -3.38172E+00  3.10693E-01  4.02269E-02  4.57958E-02  5.26159E-02  6.09670E-02  7.11724E-02  8.36050E-02  9.86971E-02  1.16956E-01  1.38983E-01  1.65495E-01  1.97349E-01  2.35574E-01  2.81405E-01  3.36321E-01  4.02097E-01  4.80862E-01  5.75166E-01  6.88068E-01  8.23233E-01  9.85055E-01  1.17880E+00  1.41080E+00  1.68863E+00  2.02138E+00  2.41998E+00  2.89755E+00  3.46985E+00  4.15583E+00  4.97829E+00  5.96467E+00  7.14803E+00  8.56820E+00  1.02733E+01  1.23213E+01  1.47824E+01  1.77416E+01  2.13018E+01  2.55878E+01  3.07512E+01  3.69764E+01
-1.03324E+01  -3.14458E+00  1.39334E-01  1.17276E-10  1.33512E-10  1.53395E-10  1.77741E-10  2.07494E-10  2.43740E-10  2.87739E-10  3.40971E-10  4.05188E-10  4.82479E-10  5.75345E-10  6.86786E-10  8.20400E-10  9.80500E-10  1.17226E-09  1.40189E-09  1.67682E-09  2.00597E-09  2.40003E-09  2.87180E-09  3.43666E-09  4.11301E-09  4.92298E-09  5.89307E-09  7.05514E-09  8.44744E-09  1.01159E-08  1.21158E-08  1.45136E-08  1.73893E-08  2.08392E-08  2.49795E-08  2.99504E-08  3.59211E-08  4.30963E-08  5.17235E-08  6.21027E-08  7.45979E-08  8.96511E-08  1.07800E-07
-1.98922E+01  -2.39189E+00  1.51622E-01  1.99241E-30  2.26824E-30  2.60603E-30  3.01965E-30  3.52512E-30  4.14090E-30  4.88840E-30  5.79276E-30  6.88374E-30  8.19684E-30  9.77455E-30  1.16678E-29  1.39378E-29  1.66577E-29  1.99156E-29  2.38168E-29  2.84876E-29  3.40795E-29  4.07742E-29  4.87891E-29  5.83854E-29  6.98760E-29  8.36365E-29  1.00118E-28  1.19860E-28  1.43514E-28  1.71859E-28  2.05836E-28  2.46572E-28  2.95426E-28  3.54037E-28  4.24377E-28  5.08828E-28  6.10264E-28  7.32163E-28  8.78731E-28  1.05506E-27  1.26735E-27  1.52308E-27  1.83142E-27
-1.50269E+01  -4.07208E+00  5.25429E-01  3.39070E-19  3.86010E-19  4.43496E-19  5.13887E-19  5.99908E-19  7.04701E-19  8.31912E-19  9.85817E-19  1.17148E-18  1.39494E-18  1.66344E-18  1.98564E-18  2.37194E-18  2.83483E-18  3.38925E-18  4.05315E-18  4.84804E-18  5.79968E-18  6.93898E-18  8.30297E-18  9.93607E-18  1.18916E-17  1.42333E-17  1.70381E-17  2.03979E-17  2.44233E-17  2.92472E-17  3.50293E-17  4.19617E-17  5.02759E-17  6.02503E-17  7.22208E-17  8.65926E-17  1.03855E-16  1.24600E-16  1.49543E-16  1.79552E-16  2.15678E-16  2.59200E-16  3.11672E-16
-1.84394E+01  -5.29124E+00  6.96580E-01  6.29201E-25  7.16307E-25  8.22982E-25  9.53604E-25  1.11323E-24  1.30769E-24  1.54375E-24  1.82935E-24  2.17388E-24  2.58856E-24  3.08680E-24  3.68469E-24  4.40154E-24  5.26050E-24  6.28933E-24  7.52131E-24  8.99636E-24  1.07623E-23  1.28764E-23  1.54076E-23  1.84381E-23  2.20668E-23  2.64123E-23  3.16170E-23  3.78517E-23  4.53215E-23  5.42730E-23  6.50027E-23  7.78671E-23  9.32954E-23  1.11805E-22  1.34018E-22  1.60687E-22  1.92721E-22  2.31216E-22  2.77502E-22  3.33188E-22  4.00226E-22  4.80989E-22  5.78360E-22
-1.93840E+01  -1.92850E+00  7.02015E-01  1.00590E-29  1.14515E-29  1.31569E-29  1.52452E-29  1.77971E-29  2.09060E-29  2.46798E-29  2.92456E-29  3.47536E-29  4.13830E-29  4.93483E-29  5.89068E-29  7.03670E-29  8.40991E-29  1.00547E-28  1.20243E-28  1.43824E-28  1.72056E-28  2.05855E-28  2.46319E-28  2.94768E-28  3.52780E-28  4.22252E-28  5.05458E-28  6.05131E-28  7.24551E-28  8.67658E-28  1.03919E-27  1.24485E-27  1.49150E-27  1.78741E-27  2.14253E-27  2.56889E-27  3.08101E-27  3.69644E-27  4.43641E-27  5.32665E-27  6.39838E-27  7.68952E-27  9.24619E-27
-1.18231E+01  -3.21245E+00  2.07246E-01  1.41532E-13  1.61125E-13  1.85120E-13  2.14502E-13  2.50409E-13  2.94150E-13  3.47250E-13  4.11491E-13  4.88990E-13  5.82266E-13  6.94339E-13  8.28829E-13  9.90076E-13  1.18329E-12  1.41471E-12  1.69183E-12  2.02363E-12  2.42085E-12  2.89641E-12  3.46576E-12  4.14743E-12  4.96367E-12  5.94115E-12  7.11189E-12  8.51430E-12  1.01946E-11  1.22081E-11  1.46216E-11  1.75153E-11  2.09857E-11  2.51492E-11  3.01458E-11  3.61448E-11  4.33504E-11  5.20095E-11  6.24210E-11  7.49469E-11  9.00264E-11  1.08193E-10  1.30096E-10
-6.21173E+00  -5.46024E+00  1.26588E+00  4.04859E+00  4.60908E+00  5.29547E+00  6.13596E+00  7.16308E+00  8.41434E+00  9.93328E+00  1.17709E+01  1.39878E+01  1.66561E+01  1.98620E+01  2.37091E+01  2.83217E+01  3.38487E+01  4.04686E+01  4.83959E+01  5.78870E+01  6.92499E+01  8.28534E+01  9.91399E+01  1.18640E+02  1.41989E+02  1.69950E+02  2.03440E+02  2.43556E+02  2.91621E+02  3.49220E+02  4.18260E+02  5.01036E+02  6.00309E+02  7.19406E+02  8.62338E+02  1.03394E+03  1.24006E+03  1.48776E+03  1.78559E+03  2.14390E+03  2.57526E+03  3.09492E+03  3.72146E+03
-1.95136E+01  -5.25888E+00  9.05008E-02  3.41429E-27  3.88697E-27  4.46582E-27  5.17463E-27  6.04083E-27  7.09605E-27  8.37702E-27  9.92677E-27  1.17963E-26  1.40465E-26  1.67502E-26  1.99946E-26  2.38845E-26  2.85455E-26  3.41284E-26  4.08136E-26  4.88178E-26  5.84004E-26  6.98727E-26  8.36075E-26  1.00052E-25  1.19743E-25  1.43324E-25  1.71566E-25  2.05398E-25  2.45932E-25  2.94507E-25  3.52730E-25  4.22538E-25  5.06258E-25  6.06696E-25  7.27234E-25  8.71953E-25  1.04578E-24  1.25467E-24  1.50584E-24  1.80801E-24  2.17179E-24  2.61004E-24  3.13841E-24
-1.27528E+01  -2.80871E+00  7.01299E-01  1.06186E-15  1.20887E-15  1.38889E-15  1.60934E-15  1.87873E-15  2.20691E-15  2.60529E-15  3.08728E-15  3.66872E-15  4.36854E-15  5.20939E-15  6.21841E-15  7.42820E-15  8.87780E-15  1.06141E-14  1.26932E-14  1.51826E-14  1.81628E-14  2.17307E-14  2.60024E-14  3.11167E-14  3.72407E-14  4.45744E-14  5.33580E-14  6.38798E-14  7.64862E-14  9.15931E-14  1.09701E-13  1.31411E-13  1.57449E-13  1.88685E-13  2.26173E-13  2.71182E-13  3.25243E-13  3.90209E-13  4.68323E-13  5.62300E-13  6.75436E-13  8.11734E-13  9.76062E-13
-2.26508E+00  -4.37051E+00  4.71403E-01  4.97143E+06  5.65967E+06  6.50253E+06  7.53459E+06  8.79584E+06  1.03323E+07  1.21975E+07  1.44540E+07  1.71762E+07  2.04526E+07  2.43893E+07  2.91134E+07  3.47774E+07  4.15641E+07  4.96931E+07  5.94272E+07  7.10818E+07  8.50348E+07  1.01739E+08  1.21738E+08  1.45682E+08  1.74354E+08  2.08689E+08  2.49812E+08  2.99073E+08  3.58093E+08  4.28821E+08  5.13598E+08  6.15242E+08  7.37144E+08  8.83388E+08  1.05890E+09  1.26962E+09  1.52272E+09  1.82688E+09  2.19260E+09  2.63258E+09  3.16226E+09  3.80038E+09  4.56973E+09
-1.39054E+01  -2.99167E+00  1.14213E-01  6.16245E-18  7.01557E-18  8.06035E-18  9.33967E-18  1.09031E-17  1.28076E-17  1.51196E-17  1.79168E-17  2.12912E-17  2.53525E-17  3.02323E-17  3.60881E-17  4.31090E-17  5.15217E-17  6.15982E-17  7.36643E-17  8.81110E-17  1.05407E-16  1.26113E-16  1.50903E-16  1.80584E-16  2.16124E-16  2.58685E-16  3.09660E-16  3.70722E-16  4.43882E-16  5.31555E-16  6.36642E-16  7.62637E-16  9.13742E-16  1.09502E-15  1.31258E-15  1.57378E-15  1.88752E-15  2.26455E-15  2.71788E-15  3.26327E-15  3.91985E-15  4.71084E-15  5.66451E-15
-3.62894E+00  -5.23541E+00  1.12944E+00  2.58602E+05  2.94403E+05  3.38246E+05  3.91932E+05  4.57539E+05  5.37462E+05  6.34484E+05  7.51864E+05  8.93466E+05  1.06390E+06  1.26867E+06  1.51441E+06  1.80904E+06  2.16207E+06  2.58492E+06  3.09126E+06  3.69751E+06  4.42331E+06  5.29223E+06  6.33252E+06  7.57806E+06  9.06947E+06  1.08555E+07  1.29946E+07  1.55571E+07  1.86272E+07  2.23063E+07  2.67162E+07  3.20034E+07  3.83445E+07  4.59517E+07  5.50814E+07  6.60426E+07  7.92084E+07  9.50301E+07  1.14054E+08  1.36941E+08  1.64493E+08  1.97687E+08  2.37707E+08
-2.46970E+00  -4.52681E+00  5.12557E-01  3.60504E+06  4.10412E+06  4.71532E+06  5.46372E+06  6.37832E+06  7.49249E+06  8.84502E+06  1.04814E+07  1.24554E+07  1.48313E+07  1.76860E+07  2.11116E+07  2.52189E+07  3.01403E+07  3.60350E+07  4.30938E+07  5.15451E+07  6.16631E+07  7.37763E+07  8.82785E+07  1.05642E+08  1.26433E+08  1.51331E+08  1.81151E+08  2.16873E+08  2.59672E+08  3.10960E+08  3.72437E+08  4.46144E+08  5.34541E+08  6.40590E+08  7.67863E+08  9.20667E+08  1.10421E+09  1.32477E+09  1.58997E+09  1.90902E+09  2.29312E+09  2.75585E+09  3.31375E+09
-9.58654E+00  -3.60225E+00  2.82947E-01  9.29133E-09  1.05776E-08  1.21529E-08  1.40817E-08  1.64389E-08  1.93105E-08  2.27964E-08  2.70138E-08  3.21014E-08  3.82249E-08  4.55823E-08  5.44113E-08  6.49970E-08  7.76811E-08  9.28737E-08  1.11066E-07  1.32848E-07  1.58925E-07  1.90145E-07  2.27522E-07  2.72273E-07  3.25858E-07  3.90028E-07  4.66885E-07  5.58951E-07  6.69257E-07  8.01443E-07  9.59887E-07  1.14985E-06  1.37768E-06  1.65100E-06  1.97902E-06  2.37285E-06  2.84589E-06  3.41434E-06  4.09784E-06  4.92015E-06  5.91009E-06  7.10270E-06  8.54057E-06
-1.11432E+01  -4.16712E+00  1.06708E+00  3.47131E-11  3.95187E-11  4.54039E-11  5.26104E-11  6.14170E-11  7.21455E-11  8.51690E-11  1.00925E-10  1.19933E-10  1.42811E-10  1.70299E-10  2.03285E-10  2.42833E-10  2.90222E-10  3.46983E-10  4.14951E-10  4.96330E-10  5.93756E-10  7.10394E-10  8.50036E-10  1.01723E-09  1.21743E-09  1.45717E-09  1.74431E-09  2.08828E-09  2.50039E-09  2.99425E-09  3.58620E-09  4.29593E-09  5.14711E-09  6.16827E-09  7.39378E-09  8.86513E-09  1.06324E-08  1.27562E-08  1.53098E-08  1.83820E-08  2.20805E-08  2.65362E-08  3.19082E-08
-3.97796E+00  -2.89960E+00  5.93079E-01  3.97716E+02  4.52775E+02  5.20203E+02  6.02769E+02  7.03669E+02  8.26587E+02  9.75800E+02  1.15632E+03  1.37410E+03  1.63622E+03  1.95115E+03  2.32908E+03  2.78220E+03  3.32514E+03  3.97546E+03  4.75419E+03  5.68656E+03  6.80280E+03  8.13915E+03  9.73906E+03  1.16546E+04  1.39483E+04  1.66951E+04  1.99850E+04  2.39259E+04  2.86475E+04  3.43058E+04  4.10880E+04  4.92195E+04  5.89716E+04  7.06712E+04  8.47122E+04  1.01570E+05  1.21818E+05  1.46151E+05  1.75408E+05  2.10607E+05  2.52982E+05  3.04031E+05  3.65579E+05
-8.75183E+00  -4.23281E+00  9.98047E-01  2.25656E-06  2.56895E-06  2.95153E-06  3.41999E-06  3.99247E-06  4.68988E-06  5.53649E-06  6.56075E-06  7.79637E-06  9.28355E-06  1.10704E-05  1.32147E-05  1.57856E-05  1.88662E-05  2.25559E-05  2.69743E-05  3.22644E-05  3.85977E-05  4.61799E-05  5.52574E-05  6.61259E-05  7.91400E-05  9.47248E-05  1.13391E-04  1.35751E-04  1.62540E-04  1.94644E-04  2.33125E-04  2.79261E-04  3.34593E-04  4.00974E-04  4.80639E-04  5.76286E-04  6.91171E-04  8.29231E-04  9.95230E-04  1.19494E-03  1.43536E-03  1.72501E-03  2.07422E-03
-1.91155E+01  -2.28484E+00  6.83136E-01  6.96571E-29  7.93004E-29  9.11100E-29  1.05571E-28  1.23243E-28  1.44771E-28  1.70905E-28  2.02522E-28  2.40664E-28  2.86572E-28  3.41731E-28  4.07922E-28  4.87282E-28  5.82375E-28  6.96274E-28  8.32664E-28  9.95962E-28  1.19146E-27  1.42552E-27  1.70573E-27  2.04123E-27  2.44295E-27  2.92404E-27  3.50023E-27  4.19045E-27  5.01742E-27  6.00842E-27  7.19627E-27  8.62045E-27  1.03285E-26  1.23776E-26  1.48367E-26  1.77892E-26  2.13356E-26  2.55973E-26  3.07215E-26  3.68863E-26  4.43080E-26  5.32489E-26  6.40287E-26
-1.11641E+01  -5.55642E+00  8.46038E-01  4.18387E-10  4.76308E-10  5.47241E-10  6.34098E-10  7.40242E-10  8.69549E-10  1.02652E-09  1.21642E-09  1.44552E-09  1.72126E-09  2.05256E-09  2.45013E-09  2.92680E-09  3.49796E-09  4.18208E-09  5.00129E-09  5.98212E-09  7.15638E-09  8.56218E-09  1.02452E-08  1.22604E-08  1.46733E-08  1.75629E-08  2.10237E-08  2.51694E-08  3.01365E-08  3.60888E-08  4.32235E-08  5.17777E-08  6.20367E-08  7.43444E-08  8.91151E-08  1.06849E-07  1.28150E-07  1.53747E-07  1.84525E-07  2.21553E-07  2.66130E-07  3.19833E-07  3.84580E-07
-1.65976E+01  -2.85273E+00  1.18492E-01  1.92918E-23  2.19625E-23  2.52332E-23  2.92382E-23  3.41325E-23  4.00948E-23  4.73326E-23  5.60892E-23  6.66528E-23  7.93670E-23  9.46434E-23  1.12975E-22  1.34954E-22  1.61291E-22  1.92835E-22  2.30609E-22  2.75835E-22  3.29980E-22  3.94801E-22  4.72407E-22  5.65325E-22  6.76584E-22  8.09822E-22  9.69401E-22  1.16056E-21  1.38959E-21  1.66405E-21  1.99303E-21  2.38746E-21  2.86050E-21  3.42801E-21  4.10909E-21  4.92679E-21  5.90897E-21  7.08927E-21  8.50843E-21  1.02158E-20  1.22712E-20  1.47475E-20  1.77330E-20
-1.43252E+01  -3.10023E+00  9.48988E-02  1.10503E-18  1.25801E-18  1.44536E-18  1.67476E-18  1.95510E-18  2.29663E-18  2.71121E-18  3.21278E-18  3.81786E-18  4.54613E-18  5.42116E-18  6.47121E-18  7.73017E-18  9.23871E-18  1.10456E-17  1.32093E-17  1.57998E-17  1.89012E-17  2.26142E-17  2.70594E-17  3.23817E-17  3.87547E-17  4.63865E-17  5.55272E-17  6.64767E-17  7.95956E-17  9.53167E-17  1.14161E-16  1.36754E-16  1.63849E-16  1.96356E-16  2.35368E-16  2.82206E-16  3.38465E-16  4.06072E-16  4.87362E-16  5.85160E-16  7.02895E-16  8.44733E-16  1.01574E-15
-1.10497E+00  -3.71687E+00  8.07470E-01  4.72800E+07  5.38255E+07  6.18413E+07  7.16566E+07  8.36515E+07  9.82639E+07  1.16002E+08  1.37463E+08  1.63352E+08  1.94512E+08  2.31951E+08  2.76878E+08  3.30745E+08  3.95289E+08  4.72599E+08  5.65174E+08  6.76013E+08  8.08710E+08  9.67574E+08  1.15777E+09  1.38549E+09  1.65816E+09  1.98470E+09  2.37580E+09  2.84429E+09  3.40559E+09  4.07824E+09  4.88450E+09  5.85116E+09  7.01049E+09  8.40133E+09  1.00705E+10  1.20745E+10  1.44816E+10  1.73743E+10  2.08524E+10  2.50368E+10  3.00742E+10  3.61429E+10  4.34597E+10
-5.23880E+00  -2.35323E+00  4.33359E-01  3.99868E-01  4.55226E-01  5.23019E-01  6.06032E-01  7.07478E-01  8.31061E-01  9.81082E-01  1.16258E+00  1.38154E+00  1.64507E+00  1.96171E+00  2.34168E+00  2.79726E+00  3.34314E+00  3.99698E+00  4.77993E+00  5.71734E+00  6.83962E+00  8.18321E+00  9.79178E+00  1.17177E+01  1.40238E+01  1.67855E+01  2.00932E+01  2.40554E+01  2.88026E+01  3.44915E+01  4.13104E+01  4.94859E+01  5.92909E+01  7.10538E+01  8.51707E+01  1.02120E+02  1.22478E+02  1.46942E+02  1.76358E+02  2.11747E+02  2.54351E+02  3.05677E+02  3.67558E+02
-6.76491E+00  -4.84881E+00  1.02370E+00  7.40648E-02  8.43182E-02  9.68751E-02  1.12251E-01  1.31041E-01  1.53932E-01  1.81719E-01  2.15337E-01  2.55893E-01  3.04705E-01  3.63354E-01  4.33733E-01  5.18116E-01  6.19226E-01  7.40331E-01  8.85351E-01  1.05898E+00  1.26685E+00  1.51572E+00  1.81366E+00  2.17039E+00  2.59753E+00  3.10906E+00  3.72171E+00  4.45561E+00  5.33490E+00  6.38861E+00  7.65162E+00  9.16592E+00  1.09820E+01  1.31608E+01  1.57756E+01  1.89149E+01  2.26856E+01  2.72170E+01  3.26655E+01  3.92204E+01  4.71116E+01  5.66183E+01  6.80802E+01
-1.96024E+01  -1.76334E+00  5.17611E-01  2.40414E-30  2.73697E-30  3.14456E-30  3.64366E-30  4.25359E-30  4.99661E-30  5.89859E-30  6.98983E-30  8.30626E-30  9.89071E-30  1.17945E-29  1.40790E-29  1.68180E-29  2.01000E-29  2.40311E-29  2.87385E-29  3.43745E-29  4.11220E-29  4.92001E-29  5.88713E-29  7.04507E-29  8.43159E-29  1.00920E-28  1.20807E-28  1.44629E-28  1.73171E-28  2.07374E-28  2.48371E-28  2.97525E-28  3.56476E-28  4.27198E-28  5.12074E-28  6.13976E-28  7.36375E-28  8.83464E-28  1.06032E-27  1.27309E-27  1.52924E-27  1.83783E-27  2.20988E-27
-5.90089E+00  -1.59347E+00  2.16471E-01  3.94031E-03  4.48580E-03  5.15384E-03  5.97185E-03  6.97150E-03  8.18929E-03  9.66760E-03  1.14561E-02  1.36137E-02  1.62106E-02  1.93307E-02  2.30750E-02  2.75642E-02  3.29433E-02  3.93863E-02  4.71015E-02  5.63388E-02  6.73977E-02  8.06374E-02  9.64883E-02  1.15467E-01  1.38191E-01  1.65405E-01  1.97998E-01  2.37042E-01  2.83821E-01  3.39879E-01  4.07073E-01  4.87635E-01  5.84253E-01  7.00165E-01  8.39273E-01  1.00629E+00  1.20690E+00  1.44797E+00  1.73783E+00  2.08656E+00  2.50638E+00  3.01214E+00  3.62192E+00
-6.55334E+00  -5.46177E+00  1.27246E+00  8.48561E-01  9.66035E-01  1.10990E+00  1.28606E+00  1.50134E+00  1.76360E+00  2.08196E+00  2.46712E+00  2.93177E+00  3.49101E+00  4.16295E+00  4.96929E+00  5.93606E+00  7.09448E+00  8.48199E+00  1.01435E+01  1.21328E+01  1.45144E+01  1.73656E+01  2.07791E+01  2.48662E+01  2.97600E+01  3.56205E+01  4.26397E+01  5.10480E+01  6.11221E+01  7.31944E+01  8.76648E+01  1.05014E+02  1.25821E+02  1.50783E+02  1.80741E+02  2.16708E+02  2.59910E+02  3.11826E+02  3.74249E+02  4.49349E+02  5.39758E+02  6.48677E+02  7.79996E+02
-9.39657E+00  -3.85190E+00  9.39909E-01  5.17132E-08  5.88723E-08  6.76398E-08  7.83754E-08  9.14950E-08  1.07477E-07  1.26879E-07  1.50352E-07  1.78668E-07  2.12750E-07  2.53700E-07  3.02840E-07  3.61757E-07  4.32353E-07  5.16911E-07  6.18167E-07  7.39399E-07  8.84538E-07  1.05830E-06  1.26633E-06  1.51540E-06  1.81364E-06  2.17080E-06  2.59856E-06  3.11098E-06  3.72491E-06  4.46063E-06  5.34249E-06  6.39979E-06  7.66782E-06  9.18907E-06  1.10148E-05  1.32067E-05  1.58395E-05  1.90034E-05  2.28076E-05  2.73843E-05  3.28941E-05  3.95318E-05  4.75347E-05
-1.53956E+01  -2.51568E+00  5.39398E-01  2.81596E-21  3.20580E-21  3.68322E-21  4.26781E-21  4.98221E-21  5.85252E-21  6.90900E-21  8.18717E-21  9.72910E-21  1.15850E-20  1.38148E-20  1.64907E-20  1.96989E-20  2.35431E-20  2.81476E-20  3.36613E-20  4.02628E-20  4.81661E-20  5.76280E-20  6.89559E-20  8.25187E-20  9.87589E-20  1.18207E-19  1.41501E-19  1.69403E-19  2.02834E-19  2.42897E-19  2.90917E-19  3.48491E-19  4.17539E-19  5.00376E-19  5.99791E-19  7.19149E-19  8.62514E-19  1.03480E-18  1.24195E-18  1.49117E-18  1.79120E-18  2.15264E-18  2.58843E-18
-1.68280E+01  -3.07468E+00  8.70495E-01  1.42994E-23  1.62790E-23  1.87033E-23  2.16719E-23  2.52996E-23  2.97190E-23  3.50838E-23  4.15743E-23  4.94042E-23  5.88283E-23  7.01514E-23  8.37393E-23  1.00031E-22  1.19552E-22  1.42933E-22  1.70932E-22  2.04454E-22  2.44587E-22  2.92634E-22  3.50157E-22  4.19029E-22  5.01496E-22  6.00255E-22  7.18538E-22  8.60228E-22  1.02999E-21  1.23342E-21  1.47727E-21  1.76963E-21  2.12026E-21  2.54090E-21  3.04573E-21  3.65183E-21  4.37983E-21  5.25469E-21  6.30660E-21  7.57213E-21  9.09566E-21  1.09311E-20  1.31440E-20
-1.83691E+01  -4.37473E+00  9.08158E-01  1.62092E-25  1.84532E-25  2.12013E-25  2.45663E-25  2.86785E-25  3.36882E-25  3.97695E-25  4.71268E-25  5.60025E-25  6.66852E-25  7.95206E-25  9.49232E-25  1.13390E-24  1.35518E-24  1.62023E-24  1.93761E-24  2.31760E-24  2.77253E-24  3.31717E-24  3.96922E-24  4.74993E-24  5.68474E-24  6.80422E-24  8.14503E-24  9.75117E-24  1.16755E-23  1.39816E-23  1.67457E-23  2.00598E-23  2.40343E-23  2.88026E-23  3.45251E-23  4.13955E-23  4.96479E-23  5.95649E-23  7.14889E-23  8.58344E-23  1.03104E-22  1.23910E-22  1.48995E-22
-4.01356E+00  -5.82267E+00  1.38049E+00  2.00097E+05  2.27798E+05  2.61722E+05  3.03262E+05  3.54026E+05  4.15868E+05  4.90940E+05  5.81764E+05  6.91331E+05  8.23204E+05  9.81653E+05  1.17179E+06  1.39976E+06  1.67293E+06  2.00011E+06  2.39190E+06  2.86099E+06  3.42259E+06  4.09493E+06  4.89986E+06  5.86361E+06  7.01761E+06  8.39957E+06  1.00547E+07  1.20375E+07  1.44130E+07  1.72597E+07  2.06720E+07  2.47630E+07  2.96695E+07  3.55557E+07  4.26199E+07  5.11013E+07  6.12885E+07  7.35307E+07  8.82504E+07  1.05959E+08  1.27279E+08  1.52963E+08  1.83928E+08
-9.59028E+00  -4.37048E+00  1.04057E+00  6.48235E-08  7.37975E-08  8.47877E-08  9.82450E-08  1.14691E-07  1.34725E-07  1.59045E-07  1.88469E-07  2.23964E-07  2.66686E-07  3.18017E-07  3.79615E-07  4.53469E-07  5.41963E-07  6.47958E-07  7.74883E-07  9.26849E-07  1.10878E-06  1.32660E-06  1.58736E-06  1.89958E-06  2.27343E-06  2.72113E-06  3.25734E-06  3.89967E-06  4.66925E-06  5.59148E-06  6.69690E-06  8.02226E-06  9.61175E-06  1.15187E-05  1.38072E-05  1.65548E-05  1.98551E-05  2.38211E-05  2.85897E-05  3.43267E-05  4.12333E-05  4.95539E-05  5.95856E-05
-1.58541E+01  -3.48358E+00  8.63058E-01  2.84581E-21  3.23979E-21  3.72226E-21  4.31305E-21  5.03503E-21  5.91456E-21  6.98224E-21  8.27396E-21  9.83224E-21  1.17078E-20  1.39613E-20  1.66655E-20  1.99077E-20  2.37927E-20  2.84460E-20  3.40181E-20  4.06896E-20  4.86767E-20  5.82389E-20  6.96868E-20  8.33935E-20  9.98059E-20  1.19460E-19  1.43001E-19  1.71199E-19  2.04985E-19  2.45471E-19  2.94001E-19  3.52185E-19  4.21966E-19  5.05681E-19  6.06149E-19  7.26772E-19  8.71657E-19  1.04577E-18  1.25512E-18  1.50698E-18  1.81018E-18  2.17546E-18  2.61587E-18
-3.66727E+00  -3.09048E+00  6.36701E-01  2.32488E+03  2.64673E+03  3.04089E+03  3.52354E+03  4.11335E+03  4.83188E+03  5.70412E+03  6.75939E+03  8.03242E+03  9.56464E+03  1.14056E+04  1.36148E+04  1.62636E+04  1.94374E+04  2.32389E+04  2.77910E+04  3.32413E+04  3.97663E+04  4.75781E+04  5.69305E+04  6.81281E+04  8.15361E+04  9.75928E+04  1.16824E+05  1.39861E+05  1.67462E+05  2.00537E+05  2.40183E+05  2.87717E+05  3.44724E+05  4.13114E+05  4.95192E+05  5.93735E+05  7.12098E+05  8.54338E+05  1.02536E+06  1.23112E+06  1.47882E+06  1.77724E+06  2.13702E+06
-1.66204E-01  -3.45295E+00  2.78012E-01  5.37816E+08  6.12271E+08  7.03452E+08  8.15103E+08  9.51546E+08  1.11776E+09  1.31954E+09  1.56366E+09  1.85815E+09  2.21259E+09  2.63847E+09  3.14953E+09  3.76226E+09  4.49646E+09  5.37587E+09  6.42892E+09  7.68973E+09  9.19918E+09  1.10063E+10  1.31698E+10  1.57601E+10  1.88618E+10  2.25762E+10  2.70250E+10  3.23541E+10  3.87390E+10  4.63904E+10  5.55617E+10  6.65577E+10  7.97452E+10  9.55661E+10  1.14553E+11  1.37349E+11  1.64730E+11  1.97635E+11  2.37198E+11  2.84796E+11  3.42098E+11  4.11130E+11  4.94360E+11
-7.61626E+00  -4.86850E+00  1.15003E+00  1.71800E-03  1.95584E-03  2.24711E-03  2.60376E-03  3.03962E-03  3.57058E-03  4.21514E-03  4.99494E-03  5.93567E-03  7.06792E-03  8.42833E-03  1.00609E-02  1.20182E-02  1.43635E-02  1.71727E-02  2.05365E-02  2.45641E-02  2.93859E-02  3.51585E-02  4.20695E-02  5.03442E-02  6.02522E-02  7.21175E-02  8.63286E-02  1.03352E-01  1.23748E-01  1.48190E-01  1.77486E-01  2.12612E-01  2.54738E-01  3.05276E-01  3.65929E-01  4.38748E-01  5.26214E-01  6.31324E-01  7.57706E-01  9.09753E-01  1.09280E+00  1.31331E+00  1.57918E+00
-7.01169E+00  -4.91848E+00  1.17187E+00  3.13853E-02  3.57303E-02  4.10513E-02  4.75669E-02  5.55293E-02  6.52293E-02  7.70043E-02  9.12502E-02  1.08436E-01  1.29120E-01  1.53973E-01  1.83797E-01  2.19554E-01  2.62400E-01  3.13719E-01  3.75172E-01  4.48749E-01  5.36836E-01  6.42293E-01  7.68548E-01  9.19713E-01  1.10072E+00  1.31748E+00  1.57710E+00  1.88809E+00  2.26069E+00  2.70721E+00  3.24242E+00  3.88411E+00  4.65369E+00  5.57695E+00  6.68498E+00  8.01528E+00  9.61316E+00  1.15334E+01  1.38422E+01  1.66198E+01  1.99638E+01  2.39923E+01  2.88493E+01
-8.47926E+00  -1.91111E+00  3.45352E-01  5.33768E-08  6.07662E-08  6.98156E-08  8.08967E-08  9.44382E-08  1.10935E-07  1.30961E-07  1.55188E-07  1.84416E-07  2.19594E-07  2.61861E-07  3.12582E-07  3.73394E-07  4.46262E-07  5.33540E-07  6.38052E-07  7.63184E-07  9.12993E-07  1.09234E-06  1.30706E-06  1.56415E-06  1.87198E-06  2.24063E-06  2.68215E-06  3.21106E-06  3.84474E-06  4.60412E-06  5.51435E-06  6.60567E-06  7.91449E-06  9.48467E-06  1.13691E-05  1.36315E-05  1.63490E-05  1.96147E-05  2.35412E-05  2.82652E-05  3.39522E-05  4.08035E-05  4.90638E-05
-4.17565E+00  -4.81066E+00  1.03161E+00  9.73793E+03  1.10860E+04  1.27370E+04  1.47586E+04  1.72291E+04  2.02387E+04  2.38921E+04  2.83122E+04  3.36444E+04  4.00622E+04  4.77732E+04  5.70266E+04  6.81211E+04  8.14149E+04  9.73377E+04  1.16405E+05  1.39233E+05  1.66564E+05  1.99284E+05  2.38457E+05  2.85359E+05  3.41520E+05  4.08775E+05  4.89326E+05  5.85817E+05  7.01425E+05  8.39965E+05  1.00602E+06  1.20512E+06  1.44390E+06  1.73036E+06  2.07415E+06  2.48690E+06  2.98267E+06  3.57846E+06  4.29481E+06  5.15664E+06  6.19416E+06  7.44410E+06  8.95108E+06
-1.81963E+01  -3.97530E+00  5.25191E-01  1.28143E-25  1.45883E-25  1.67609E-25  1.94211E-25  2.26721E-25  2.66325E-25  3.14401E-25  3.72566E-25  4.42733E-25  5.27186E-25  6.28658E-25  7.50425E-25  8.96419E-25  1.07135E-24  1.28089E-24  1.53179E-24  1.83220E-24  2.19185E-24  2.62242E-24  3.13791E-24  3.75510E-24  4.49413E-24  5.37915E-24  6.43913E-24  7.70889E-24  9.23019E-24  1.10533E-23  1.32385E-23  1.58584E-23  1.90006E-23  2.27702E-23  2.72941E-23  3.27256E-23  3.92496E-23  4.70896E-23  5.65162E-23  6.78572E-23  8.15103E-23  9.79583E-23  1.17789E-22
-3.13364E+00  -4.77083E+00  6.83517E-01  5.99649E+05  6.82664E+05  7.84328E+05  9.08815E+05  1.06094E+06  1.24627E+06  1.47125E+06  1.74343E+06  2.07178E+06  2.46698E+06  2.94181E+06  3.51163E+06  4.19481E+06  5.01342E+06  5.99393E+06  7.16805E+06  8.57382E+06  1.02568E+07  1.22717E+07  1.46839E+07  1.75721E+07  2.10304E+07  2.51718E+07  3.01320E+07  3.60739E+07  4.31928E+07  5.17239E+07  6.19497E+07  7.42098E+07  8.89135E+07  1.06553E+08  1.27723E+08  1.53140E+08  1.83669E+08  2.20357E+08  2.64469E+08  3.17539E+08  3.81429E+08  4.58398E+08  5.51196E+08
-1.47155E+00  -2.39082E+00  3.33863E-01  1.02061E+06  1.16190E+06  1.33493E+06  1.54681E+06  1.80574E+06  2.12117E+06  2.50408E+06  2.96733E+06  3.52619E+06  4.19882E+06  5.00700E+06  5.97683E+06  7.13961E+06  8.53290E+06  1.02017E+07  1.22001E+07  1.45927E+07  1.74572E+07  2.08865E+07  2.49922E+07  2.99078E+07  3.57939E+07  4.28427E+07  5.12850E+07  6.13981E+07  7.35147E+07  8.80347E+07  1.05439E+08  1.26306E+08  1.51332E+08  1.81355E+08  2.17386E+08  2.60646E+08  3.12607E+08  3.75049E+08  4.50129E+08  5.40455E+08  6.49196E+08  7.80198E+08  9.38141E+08
-1.10139E+01  -1.77812E+00  3.41157E-01  3.48750E-13  3.97031E-13  4.56157E-13  5.28558E-13  6.17035E-13  7.24820E-13  8.55663E-13  1.01396E-12  1.20493E-12  1.43477E-12  1.71093E-12  2.04233E-12  2.43966E-12  2.91576E-12  3.48601E-12  4.16887E-12  4.98645E-12  5.96526E-12  7.13708E-12  8.54001E-12  1.02197E-11  1.22311E-11  1.46397E-11  1.75245E-11  2.09802E-11  2.51205E-11  3.00821E-11  3.60293E-11  4.31597E-11  5.17112E-11  6.19704E-11  7.42826E-11  8.90648E-11  1.06820E-10  1.28157E-10  1.53812E-10  1.84678E-10  2.21835E-10  2.66600E-10  3.20570E-10
-1.17534E+01  -4.30222E+00  5.79730E-01  1.93897E-12  2.20740E-12  2.53613E-12  2.93867E-12  3.43058E-12  4.02984E-12  4.75730E-12  5.63740E-12  6.69912E-12  7.97700E-12  9.51240E-12  1.13549E-11  1.35640E-11  1.62110E-11  1.93815E-11  2.31780E-11  2.77236E-11  3.31655E-11  3.96806E-11  4.74806E-11  5.68195E-11  6.80020E-11  8.13934E-11  9.74324E-11  1.16645E-10  1.39665E-10  1.67250E-10  2.00315E-10  2.39959E-10  2.87503E-10  3.44542E-10  4.12995E-10  4.95181E-10  5.93897E-10  7.12527E-10  8.55163E-10  1.02677E-09  1.23335E-09  1.48224E-09  1.78230E-09
-1.93008E+01  -2.46310E+00  5.32867E-01  3.91249E-29  4.45414E-29  5.11746E-29  5.92969E-29  6.92228E-29  8.13148E-29  9.59936E-29  1.13752E-28  1.35176E-28  1.60961E-28  1.91943E-28  2.29121E-28  2.73696E-28  3.27108E-28  3.91082E-28  4.67690E-28  5.59411E-28  6.69220E-28  8.00682E-28  9.58072E-28  1.14651E-27  1.37216E-27  1.64237E-27  1.96601E-27  2.35369E-27  2.81818E-27  3.37480E-27  4.04199E-27  4.84193E-27  5.80129E-27  6.95222E-27  8.33349E-27  9.99185E-27  1.19838E-26  1.43775E-26  1.72556E-26  2.07183E-26  2.48869E-26  2.99088E-26  3.59636E-26
-4.41940E+00  -1.87407E+00  1.73624E-01  6.16104E+00  7.01397E+00  8.05851E+00  9.33754E+00  1.09006E+01  1.28047E+01  1.51162E+01  1.79127E+01  2.12863E+01  2.53467E+01  3.02254E+01  3.60799E+01  4.30992E+01  5.15100E+01  6.15841E+01  7.36475E+01  8.80909E+01  1.05383E+02  1.26084E+02  1.50868E+02  1.80543E+02  2.16075E+02  2.58625E+02  3.09589E+02  3.70638E+02  4.43781E+02  5.31433E+02  6.36496E+02  7.62462E+02  9.13534E+02  1.09477E+03  1.31228E+03  1.57342E+03  1.88709E+03  2.26404E+03  2.71726E+03  3.26253E+03  3.91895E+03  4.70977E+03  5.66321E+03
-5.12727E+00  -4.79326E+00  6.89333E-01  9.72925E+01  1.10762E+02  1.27256E+02  1.47454E+02  1.72137E+02  2.02207E+02  2.38708E+02  2.82870E+02  3.36144E+02  4.00265E+02  4.77307E+02  5.69758E+02  6.80604E+02  8.13423E+02  9.72510E+02  1.16301E+03  1.39109E+03  1.66416E+03  1.99107E+03  2.38245E+03  2.85105E+03  3.41216E+03  4.08410E+03  4.88890E+03  5.85295E+03  7.00800E+03  8.39216E+03  1.00513E+04  1.20405E+04  1.44261E+04  1.72882E+04  2.07230E+04  2.48469E+04  2.98002E+04  3.57527E+04  4.29098E+04  5.15204E+04  6.18864E+04  7.43746E+04  8.94311E+04
-1.19425E+01  -5.50844E+00  8.53094E-01  1.06025E-11  1.20703E-11  1.38678E-11  1.60689E-11  1.87587E-11  2.20355E-11  2.60133E-11  3.08257E-11  3.66313E-11  4.36189E-11  5.20145E-11  6.20894E-11  7.41688E-11  8.86429E-11  1.05979E-10  1.26739E-10  1.51595E-10  1.81352E-10  2.16977E-10  2.59628E-10  3.10694E-10  3.71840E-10  4.45065E-10  5.32768E-10  6.37826E-10  7.63697E-10  9.14537E-10  1.09534E-09  1.31211E-09  1.57209E-09  1.88398E-09  2.25829E-09  2.70769E-09  3.24747E-09  3.89615E-09  4.67610E-09  5.61444E-09  6.74408E-09  8.10498E-09  9.74575E-09
-5.54430E+00  -2.30712E+00  4.09569E-01  8.87102E-02  1.00991E-01  1.16031E-01  1.34447E-01  1.56953E-01  1.84370E-01  2.17652E-01  2.57918E-01  3.06492E-01  3.64957E-01  4.35203E-01  5.19499E-01  6.20567E-01  7.41670E-01  8.86724E-01  1.06042E+00  1.26838E+00  1.51736E+00  1.81543E+00  2.17229E+00  2.59956E+00  3.11117E+00  3.72384E+00  4.45764E+00  5.33666E+00  6.38982E+00  7.65188E+00  9.16464E+00  1.09784E+01  1.31536E+01  1.57632E+01  1.88950E+01  2.26551E+01  2.71715E+01  3.25989E+01  3.91247E+01  4.69758E+01  5.64274E+01  6.78140E+01  8.15423E+01
-1.90828E+01  -2.02083E+00  1.03099E-01  3.93386E-29  4.47846E-29  5.14541E-29  5.96208E-29  6.96009E-29  8.17589E-29  9.65178E-29  1.14374E-28  1.35914E-28  1.61840E-28  1.92991E-28  2.30372E-28  2.75191E-28  3.28894E-28  3.93218E-28  4.70244E-28  5.62466E-28  6.72875E-28  8.05055E-28  9.63304E-28  1.15278E-27  1.37965E-27  1.65134E-27  1.97674E-27  2.36654E-27  2.83357E-27  3.39323E-27  4.06407E-27  4.86837E-27  5.83297E-27  6.99019E-27  8.37900E-27  1.00464E-26  1.20492E-26  1.44560E-26  1.73499E-26  2.08314E-26  2.50228E-26  3.00722E-26  3.61600E-26
-1.41931E+01  -3.56965E+00  9.31280E-01  7.47143E-18  8.50577E-18  9.77247E-18  1.13235E-17  1.32190E-17  1.55281E-17  1.83312E-17  2.17225E-17  2.58137E-17  3.07377E-17  3.66540E-17  4.37537E-17  5.22659E-17  6.24656E-17  7.46824E-17  8.93116E-17  1.06827E-16  1.27796E-16  1.52901E-16  1.82957E-16  2.18942E-16  2.62031E-16  3.13632E-16  3.75435E-16  4.49468E-16  5.38169E-16  6.44463E-16  7.71873E-16  9.24630E-16  1.10783E-15  1.32762E-15  1.59139E-15  1.90808E-15  2.28846E-15  2.74557E-15  3.29519E-15  3.95643E-15  4.75248E-15  5.71149E-15  6.86772E-15
-1.83369E+01  -2.87631E+00  2.77250E-01  6.90225E-27  7.85779E-27  9.02799E-27  1.04609E-26  1.22120E-26  1.43452E-26  1.69348E-26  2.00677E-26  2.38472E-26  2.83961E-26  3.38617E-26  4.04205E-26  4.82843E-26  5.77069E-26  6.89930E-26  8.25078E-26  9.86888E-26  1.18061E-25  1.41253E-25  1.69019E-25  2.02263E-25  2.42070E-25  2.89740E-25  3.46834E-25  4.15228E-25  4.97171E-25  5.95368E-25  7.13071E-25  8.54191E-25  1.02344E-24  1.22648E-24  1.47016E-24  1.76272E-24  2.11412E-24  2.53641E-24  3.04416E-24  3.65503E-24  4.39043E-24  5.27638E-24  6.34453E-24
-1.21991E+01  -5.21201E+00  7.90832E-01  1.72510E-12  1.96392E-12  2.25640E-12  2.61453E-12  3.05218E-12  3.58534E-12  4.23256E-12  5.01559E-12  5.96020E-12  7.09713E-12  8.46317E-12  1.01024E-11  1.20678E-11  1.44229E-11  1.72437E-11  2.06214E-11  2.46656E-11  2.95073E-11  3.53038E-11  4.22434E-11  5.05522E-11  6.05013E-11  7.24156E-11  8.66854E-11  1.03779E-10  1.24259E-10  1.48802E-10  1.78220E-10  2.13491E-10  2.55791E-10  3.06538E-10  3.67441E-10  4.40562E-10  5.28389E-10  6.33934E-10  7.60837E-10  9.13513E-10  1.09731E-09  1.31874E-09  1.58571E-09
-4.47102E+00  -2.35166E+00  4.01989E-01  1.33155E+01  1.51589E+01  1.74164E+01  2.01807E+01  2.35588E+01  2.76741E+01  3.26698E+01  3.87137E+01  4.60049E+01  5.47805E+01  6.53245E+01  7.79775E+01  9.31479E+01  1.11326E+02  1.33098E+02  1.59170E+02  1.90386E+02  2.27758E+02  2.72499E+02  3.26064E+02  3.90197E+02  4.66990E+02  5.58953E+02  6.69097E+02  8.01039E+02  9.59119E+02  1.14856E+03  1.37562E+03  1.64787E+03  1.97437E+03  2.36607E+03  2.83616E+03  3.40056E+03  4.07847E+03  4.89314E+03  5.87266E+03  7.05112E+03  8.46982E+03  1.01790E+04  1.22396E+04
-1.63046E+01  -3.74172E+00  9.44199E-01  6.36394E-22  7.24496E-22  8.32390E-22  9.64505E-22  1.12596E-21  1.32264E-21  1.56140E-21  1.85026E-21  2.19873E-21  2.61815E-21  3.12208E-21  3.72681E-21  4.45186E-21  5.32063E-21  6.36122E-21  7.60729E-21  9.09920E-21  1.08853E-20  1.30236E-20  1.55837E-20  1.86488E-20  2.23191E-20  2.67143E-20  3.19785E-20  3.82844E-20  4.58396E-20  5.48935E-20  6.57458E-20  7.87573E-20  9.43619E-20  1.13083E-19  1.35550E-19  1.62524E-19  1.94924E-19  2.33860E-19  2.80675E-19  3.36997E-19  4.04802E-19  4.86487E-19  5.84972E-19
-7.76564E+00  -5.10307E+00  7.60797E-01  1.00199E-03  1.14070E-03  1.31058E-03  1.51859E-03  1.77279E-03  2.08247E-03  2.45839E-03  2.91319E-03  3.46185E-03  4.12221E-03  4.91564E-03  5.86778E-03  7.00934E-03  8.37721E-03  1.00156E-02  1.19775E-02  1.43265E-02  1.71387E-02  2.05054E-02  2.45362E-02  2.93622E-02  3.51408E-02  4.20610E-02  5.03493E-02  6.02779E-02  7.21734E-02  8.64285E-02  1.03515E-01  1.24001E-01  1.48571E-01  1.78046E-01  2.13420E-01  2.55891E-01  3.06903E-01  3.68207E-01  4.41916E-01  5.30594E-01  6.37351E-01  7.65963E-01  9.21025E-01
-1.65459E+01  -3.87213E+00  5.02546E-01  2.06535E-22  2.35128E-22  2.70144E-22  3.13021E-22  3.65418E-22  4.29250E-22  5.06737E-22  6.00484E-22  7.13577E-22  8.49694E-22  1.01324E-21  1.20950E-21  1.44481E-21  1.72676E-21  2.06447E-21  2.46887E-21  2.95306E-21  3.53272E-21  4.22670E-21  5.05753E-21  6.05230E-21  7.24343E-21  8.66986E-21  1.03783E-20  1.24248E-20  1.48768E-20  1.78151E-20  2.13372E-20  2.55599E-20  3.06242E-20  3.66999E-20  4.39914E-20  5.27456E-20  6.32607E-20  7.58968E-20  9.10902E-20  1.09369E-19  1.31374E-19  1.57885E-19  1.89847E-19
-1.27458E+01  -3.01798E+00  6.32887E-01  1.59946E-15  1.82088E-15  2.09205E-15  2.42410E-15  2.82988E-15  3.32421E-15  3.92429E-15  4.65028E-15  5.52609E-15  6.58022E-15  7.84676E-15  9.36663E-15  1.11889E-14  1.33724E-14  1.59877E-14  1.91195E-14  2.28691E-14  2.73582E-14  3.27325E-14  3.91667E-14  4.68703E-14  5.60947E-14  6.71413E-14  8.03718E-14  9.62205E-14  1.15209E-13  1.37964E-13  1.65240E-13  1.97941E-13  2.37161E-13  2.84212E-13  3.40679E-13  4.08474E-13  4.89905E-13  5.87762E-13  7.05423E-13  8.46978E-13  1.01739E-12  1.22269E-12  1.47022E-12
-1.11549E+01  -4.59420E+00  1.14813E+00  8.31344E-11  9.46434E-11  1.08738E-10  1.25997E-10  1.47088E-10  1.72781E-10  2.03971E-10  2.41706E-10  2.87228E-10  3.42018E-10  4.07848E-10  4.86846E-10  5.81561E-10  6.95053E-10  8.30989E-10  9.93767E-10  1.18866E-09  1.42199E-09  1.70132E-09  2.03575E-09  2.43616E-09  2.91562E-09  3.48978E-09  4.17746E-09  5.00122E-09  5.98819E-09  7.17092E-09  8.58860E-09  1.02883E-08  1.23268E-08  1.47724E-08  1.77074E-08  2.12311E-08  2.54636E-08  3.05499E-08  3.66655E-08  4.40231E-08  5.28806E-08  6.35515E-08  7.64169E-08
-1.58316E+01  -3.34959E+00  6.98153E-01  2.16529E-21  2.46505E-21  2.83215E-21  3.28166E-21  3.83099E-21  4.50020E-21  5.31256E-21  6.29539E-21  7.48103E-21  8.90807E-21  1.06227E-20  1.26802E-20  1.51471E-20  1.81031E-20  2.16436E-20  2.58833E-20  3.09594E-20  3.70365E-20  4.43121E-20  5.30225E-20  6.34514E-20  7.59390E-20  9.08935E-20  1.08804E-19  1.30260E-19  1.55966E-19  1.86771E-19  2.23696E-19  2.67966E-19  3.21060E-19  3.84756E-19  4.61199E-19  5.52978E-19  6.63216E-19  7.95691E-19  9.54976E-19  1.14661E-18  1.37731E-18  1.65524E-18  1.99033E-18
-1.34345E+01  -4.30900E+00  1.06174E+00  1.19798E-15  1.36382E-15  1.56693E-15  1.81563E-15  2.11955E-15  2.48980E-15  2.93925E-15  3.48302E-15  4.13899E-15  4.92852E-15  5.87715E-15  7.01552E-15  8.38037E-15  1.00158E-14  1.19747E-14  1.43203E-14  1.71287E-14  2.04910E-14  2.45163E-14  2.93354E-14  3.51054E-14  4.20144E-14  5.02882E-14  6.01977E-14  7.20682E-14  8.62905E-14  1.03334E-13  1.23763E-13  1.48256E-13  1.77631E-13  2.12872E-13  2.55165E-13  3.05943E-13  3.66934E-13  4.40228E-13  5.28355E-13  6.34378E-13  7.62017E-13  9.15785E-13  1.10118E-12
-5.29851E-01  -2.41056E+00  2.90074E-01  2.06070E+07  2.34598E+07  2.69535E+07  3.12315E+07  3.64594E+07  4.28282E+07  5.05595E+07  5.99130E+07  7.11967E+07  8.47778E+07  1.01096E+08  1.20677E+08  1.44155E+08  1.72287E+08  2.05982E+08  2.46330E+08  2.94640E+08  3.52476E+08  4.21716E+08  5.04613E+08  6.03865E+08  7.22709E+08  8.65030E+08  1.03549E+09  1.23968E+09  1.48432E+09  1.77750E+09  2.12890E+09  2.55022E+09  3.05552E+09  3.66171E+09  4.38922E+09  5.26267E+09  6.31180E+09  7.57257E+09  9.08848E+09  1.09122E+10  1.31078E+10  1.57529E+10  1.89419E+10
-8.44260E+00  -4.03549E+00  5.13845E-01  4.62373E-06  5.26383E-06  6.04773E-06  7.00762E-06  8.18065E-06  9.60966E-06  1.13444E-05  1.34431E-05  1.59749E-05  1.90222E-05  2.26835E-05  2.70772E-05  3.23450E-05  3.86571E-05  4.62175E-05  5.52708E-05  6.61103E-05  7.90874E-05  9.46234E-05  1.13223E-04  1.35493E-04  1.62159E-04  1.94093E-04  2.32340E-04  2.78156E-04  3.33048E-04  3.98829E-04  4.77677E-04  5.72211E-04  6.85587E-04  8.21603E-04  9.84839E-04  1.18082E-03  1.41622E-03  1.69911E-03  2.03924E-03  2.44846E-03  2.94109E-03  3.53458E-03  4.25012E-03
-1.53257E+01  -3.78153E+00  9.63245E-01  6.35003E-20  7.22912E-20  8.30570E-20  9.62396E-20  1.12350E-19  1.31975E-19  1.55799E-19  1.84622E-19  2.19392E-19  2.61242E-19  3.11526E-19  3.71866E-19  4.44212E-19  5.30900E-19  6.34732E-19  7.59066E-19  9.07930E-19  1.08615E-18  1.29952E-18  1.55496E-18  1.86081E-18  2.22703E-18  2.66559E-18  3.19085E-18  3.82007E-18  4.57394E-18  5.47735E-18  6.56021E-18  7.85851E-18  9.41556E-18  1.12835E-17  1.35254E-17  1.62169E-17  1.94498E-17  2.33348E-17  2.80061E-17  3.36260E-17  4.03917E-17  4.85424E-17  5.83693E-17
-1.71720E+01  -3.02517E+00  6.34937E-01  2.28248E-24  2.59847E-24  2.98544E-24  3.45928E-24  4.03834E-24  4.74377E-24  5.60010E-24  6.63613E-24  7.88595E-24  9.39022E-24  1.11976E-23  1.33665E-23  1.59670E-23  1.90829E-23  2.28151E-23  2.72842E-23  3.26351E-23  3.90412E-23  4.67105E-23  5.58923E-23  6.68857E-23  8.00493E-23  9.58131E-23  1.14694E-22  1.37310E-22  1.64408E-22  1.96880E-22  2.35803E-22  2.82470E-22  3.38437E-22  4.05581E-22  4.86162E-22  5.82908E-22  6.99112E-22  8.38758E-22  1.00666E-21  1.20867E-21  1.45186E-21  1.74483E-21  2.09805E-21
-1.70306E+01  -3.41190E+00  9.39575E-01  1.16133E-23  1.32210E-23  1.51899E-23  1.76008E-23  2.05471E-23  2.41363E-23  2.84933E-23  3.37646E-23  4.01237E-23  4.77774E-23  5.69735E-23  6.80089E-23  8.12400E-23  9.70939E-23  1.16083E-22  1.38822E-22  1.66047E-22  1.98641E-22  2.37663E-22  2.84380E-22  3.40314E-22  4.07291E-22  4.87497E-22  5.83561E-22  6.98635E-22  8.36507E-22  1.00173E-21  1.19977E-21  1.43721E-21  1.72197E-21  2.06360E-21  2.47359E-21  2.96583E-21  3.55708E-21  4.26760E-21  5.12191E-21  6.14971E-21  7.38705E-21  8.87769E-21  1.06749E-20
-8.58684E-01  -2.44033E+00  3.21491E-01  7.58435E+06  8.63432E+06  9.92017E+06  1.14947E+07  1.34188E+07  1.57628E+07  1.86083E+07  2.20509E+07  2.62038E+07  3.12023E+07  3.72080E+07  4.44150E+07  5.30559E+07  6.34097E+07  7.58112E+07  9.06614E+07  1.08442E+08  1.29728E+08  1.55212E+08  1.85722E+08  2.22251E+08  2.65992E+08  3.18373E+08  3.81110E+08  4.56262E+08  5.46303E+08  6.54204E+08  7.83539E+08  9.38605E+08  1.12458E+09  1.34769E+09  1.61544E+09  1.93692E+09  2.32305E+09  2.78707E+09  3.34500E+09  4.01623E+09  4.82431E+09  5.79781E+09  6.97152E+09
-1.64139E+01  -3.97150E+00  8.17672E-01  5.52640E-22  6.29147E-22  7.22841E-22  8.37569E-22  9.77772E-22  1.14857E-21  1.35591E-21  1.60675E-21  1.90936E-21  2.27358E-21  2.71119E-21  3.23633E-21  3.86596E-21  4.62040E-21  5.52404E-21  6.60611E-21  7.90167E-21  9.45273E-21  1.13096E-20  1.35328E-20  1.61945E-20  1.93817E-20  2.31985E-20  2.77698E-20  3.32459E-20  3.98068E-20  4.76691E-20  5.70931E-20  6.83922E-20  8.19431E-20  9.82001E-20  1.17711E-19  1.41135E-19  1.69271E-19  2.03082E-19  2.43736E-19  2.92646E-19  3.51527E-19  4.22462E-19  5.07985E-19
-5.99487E-02  -5.49817E+00  1.22183E+00  5.75454E+10  6.55119E+10  7.52681E+10  8.72145E+10  1.01814E+11  1.19599E+11  1.41188E+11  1.67308E+11  1.98818E+11  2.36744E+11  2.82312E+11  3.36994E+11  4.02555E+11  4.81114E+11  5.75208E+11  6.87883E+11  8.22787E+11  9.84295E+11  1.17765E+12  1.40914E+12  1.68630E+12  2.01818E+12  2.41562E+12  2.89162E+12  3.46183E+12  4.14500E+12  4.96369E+12  5.94501E+12  7.12155E+12  8.53259E+12  1.02254E+13  1.22570E+13  1.46961E+13  1.76258E+13  2.11466E+13  2.53798E+13  3.04727E+13  3.66038E+13  4.39902E+13  5.28956E+13
-1.57349E+01  -3.52243E+00  9.15690E-01  5.54135E-21  6.30849E-21  7.24797E-21  8.39836E-21  9.80419E-21  1.15168E-20  1.35958E-20  1.61110E-20  1.91453E-20  2.27973E-20  2.71853E-20  3.24509E-20  3.87642E-20  4.63290E-20  5.53899E-20  6.62399E-20  7.92306E-20  9.47831E-20  1.13402E-19  1.35694E-19  1.62383E-19  1.94342E-19  2.32613E-19  2.78450E-19  3.33358E-19  3.99145E-19  4.77981E-19  5.72477E-19  6.85773E-19  8.21649E-19  9.84659E-19  1.18029E-18  1.41517E-18  1.69729E-18  2.03632E-18  2.44395E-18  2.93438E-18  3.52478E-18  4.23605E-18  5.09360E-18
-1.57072E+01  -2.27961E+00  4.81569E-01  4.08450E-22  4.64996E-22  5.34244E-22  6.19038E-22  7.22661E-22  8.48897E-22  1.00214E-21  1.18753E-21  1.41119E-21  1.68038E-21  2.00381E-21  2.39194E-21  2.85729E-21  3.41489E-21  4.08276E-21  4.88251E-21  5.84004E-21  6.98641E-21  8.35883E-21  1.00019E-20  1.19692E-20  1.43248E-20  1.71457E-20  2.05244E-20  2.45717E-20  2.94208E-20  3.52317E-20  4.21969E-20  5.05479E-20  6.05633E-20  7.25787E-20  8.69986E-20  1.04311E-19  1.25106E-19  1.50096E-19  1.80143E-19  2.16291E-19  2.59810E-19  3.12237E-19  3.75447E-19
-1.87731E+00  -4.02106E+00  4.92773E-01  7.90315E+06  8.99725E+06  1.03371E+07  1.19778E+07  1.39829E+07  1.64254E+07  1.93905E+07  2.29777E+07  2.73053E+07  3.25138E+07  3.87720E+07  4.62819E+07  5.52860E+07  6.60750E+07  7.89977E+07  9.44722E+07  1.13000E+08  1.35181E+08  1.61736E+08  1.93528E+08  2.31593E+08  2.77172E+08  3.31755E+08  3.97129E+08  4.75440E+08  5.69265E+08  6.81702E+08  8.16473E+08  9.78058E+08  1.17185E+09  1.40433E+09  1.68335E+09  2.01833E+09  2.42069E+09  2.90422E+09  3.48560E+09  4.18505E+09  5.02709E+09  6.04151E+09  7.26456E+09
-1.91559E+01  -3.28526E+00  9.53710E-01  5.12656E-28  5.83628E-28  6.70543E-28  7.76971E-28  9.07030E-28  1.06547E-27  1.25781E-27  1.49050E-27  1.77122E-27  2.10909E-27  2.51504E-27  3.00219E-27  3.58626E-27  4.28611E-27  5.12437E-27  6.12816E-27  7.32999E-27  8.76882E-27  1.04914E-26  1.25537E-26  1.50228E-26  1.79794E-26  2.15201E-26  2.57607E-26  3.08405E-26  3.69267E-26  4.42202E-26  5.29625E-26  6.34440E-26  7.60146E-26  9.10953E-26  1.09194E-25  1.30924E-25  1.57024E-25  1.88389E-25  2.26101E-25  2.71473E-25  3.26094E-25  3.91897E-25  4.71232E-25
-1.79710E+01  -4.95819E+00  1.00339E+00  3.50383E-24  3.98890E-24  4.58294E-24  5.31033E-24  6.19925E-24  7.28215E-24  8.59670E-24  1.01871E-23  1.21057E-23  1.44149E-23  1.71894E-23  2.05189E-23  2.45109E-23  2.92941E-23  3.50234E-23  4.18839E-23  5.00980E-23  5.99320E-23  7.17051E-23  8.58001E-23  1.02676E-22  1.22883E-22  1.47082E-22  1.76066E-22  2.10785E-22  2.52382E-22  3.02230E-22  3.61981E-22  4.33619E-22  5.19534E-22  6.22606E-22  7.46305E-22  8.94819E-22  1.07321E-21  1.28758E-21  1.54533E-21  1.85543E-21  2.22874E-21  2.67848E-21  3.22072E-21
-6.28749E+00  -3.14481E+00  2.60039E-01  1.47240E-02  1.67624E-02  1.92587E-02  2.23154E-02  2.60509E-02  3.06015E-02  3.61256E-02  4.28089E-02  5.08713E-02  6.05752E-02  7.22346E-02  8.62260E-02  1.03001E-01  1.23102E-01  1.47178E-01  1.76007E-01  2.10525E-01  2.51850E-01  3.01324E-01  3.60555E-01  4.31472E-01  5.16389E-01  6.18080E-01  7.39875E-01  8.85773E-01  1.06058E+00  1.27005E+00  1.52114E+00  1.82218E+00  2.18322E+00  2.61636E+00  3.13617E+00  3.76027E+00  4.50989E+00  5.41073E+00  6.49388E+00  7.79699E+00  9.36576E+00  1.12557E+01  1.35343E+01
-7.37941E+00  -4.58862E+00  6.48762E-01  1.99062E-03  2.26619E-03  2.60368E-03  3.01693E-03  3.52195E-03  4.13717E-03  4.88400E-03  5.78755E-03  6.87755E-03  8.18946E-03  9.76575E-03  1.16573E-02  1.39252E-02  1.66427E-02  1.98977E-02  2.37953E-02  2.84619E-02  3.40489E-02  4.07374E-02  4.87452E-02  5.83328E-02  6.98131E-02  8.35612E-02  1.00027E-01  1.19752E-01  1.43384E-01  1.71705E-01  2.05650E-01  2.46350E-01  2.95160E-01  3.53718E-01  4.23995E-01  5.08369E-01  6.09715E-01  7.31504E-01  8.77940E-01  1.05411E+00  1.26620E+00  1.52171E+00  1.82977E+00
-1.50774E+01  -4.40279E+00  6.26642E-01  5.45787E-19  6.21345E-19  7.13877E-19  8.27183E-19  9.65648E-19  1.13433E-18  1.33910E-18  1.58683E-18  1.88569E-18  2.24539E-18  2.67757E-18  3.19620E-18  3.81802E-18  4.56310E-18  5.45554E-18  6.52420E-18  7.80369E-18  9.33551E-18  1.11694E-17  1.33650E-17  1.59937E-17  1.91414E-17  2.29108E-17  2.74255E-17  3.28336E-17  3.93131E-17  4.70780E-17  5.63852E-17  6.75441E-17  8.09270E-17  9.69824E-17  1.16251E-16  1.39385E-16  1.67172E-16  2.00564E-16  2.40713E-16  2.89017E-16  3.47168E-16  4.17223E-16  5.01686E-16
-1.62974E+01  -4.79092E+00  7.22753E-01  4.53877E-21  5.16711E-21  5.93661E-21  6.87886E-21  8.03034E-21  9.43309E-21  1.11359E-20  1.31961E-20  1.56814E-20  1.86727E-20  2.22667E-20  2.65797E-20  3.17507E-20  3.79468E-20  4.53683E-20  5.42553E-20  6.48956E-20  7.76342E-20  9.28848E-20  1.11143E-19  1.33004E-19  1.59180E-19  1.90527E-19  2.28071E-19  2.73045E-19  3.26928E-19  3.91501E-19  4.68900E-19  5.61698E-19  6.72990E-19  8.06507E-19  9.66744E-19  1.15912E-18  1.39020E-18  1.66789E-18  2.00178E-18  2.40347E-18  2.88705E-18  3.46963E-18  4.17203E-18
-1.46648E+01  -2.04820E+00  9.90345E-02  2.84680E-20  3.24090E-20  3.72355E-20  4.31454E-20  5.03677E-20  5.91660E-20  6.98465E-20  8.27682E-20  9.83564E-20  1.17118E-19  1.39661E-19  1.66712E-19  1.99146E-19  2.38009E-19  2.84558E-19  3.40299E-19  4.07037E-19  4.86936E-19  5.82590E-19  6.97109E-19  8.34223E-19  9.98404E-19  1.19502E-18  1.43050E-18  1.71258E-18  2.05055E-18  2.45556E-18  2.94102E-18  3.52307E-18  4.22111E-18  5.05855E-18  6.06359E-18  7.27024E-18  8.71958E-18  1.04613E-17  1.25555E-17  1.50750E-17  1.81081E-17  2.17622E-17  2.61677E-17
-7.45599E-01  -4.10332E+00  5.15179E-01  3.03766E+08  3.45820E+08  3.97320E+08  4.60382E+08  5.37447E+08  6.31329E+08  7.45295E+08  8.83175E+08  1.04951E+09  1.24971E+09  1.49025E+09  1.77890E+09  2.12498E+09  2.53967E+09  3.03637E+09  3.63115E+09  4.34327E+09  5.19583E+09  6.21650E+09  7.43848E+09  8.90155E+09  1.06534E+10  1.27514E+10  1.52641E+10  1.82741E+10  2.18804E+10  2.62020E+10  3.13821E+10  3.75928E+10  4.50412E+10  5.39771E+10  6.47013E+10  7.75768E+10  9.30420E+10  1.11627E+11  1.33973E+11  1.60857E+11  1.93222E+11  2.32212E+11  2.79221E+11
-3.47700E+00  -4.49114E+00  6.26165E-01  8.45554E+04  9.62611E+04  1.10597E+05  1.28150E+05  1.49602E+05  1.75735E+05  2.07458E+05  2.45838E+05  2.92137E+05  3.47864E+05  4.14820E+05  4.95168E+05  5.91502E+05  7.06933E+05  8.45193E+05  1.01075E+06  1.20898E+06  1.44629E+06  1.73040E+06  2.07055E+06  2.47780E+06  2.96545E+06  3.54943E+06  4.24886E+06  5.08671E+06  6.09054E+06  7.29349E+06  8.73540E+06  1.04642E+07  1.25375E+07  1.50249E+07  1.80100E+07  2.15940E+07  2.58988E+07  3.10721E+07  3.72922E+07  4.47756E+07  5.37845E+07  6.46378E+07  7.77231E+07
-1.95524E+01  -3.91345E+00  5.38969E-01  2.21170E-28  2.51789E-28  2.89286E-28  3.35200E-28  3.91311E-28  4.59666E-28  5.42643E-28  6.43033E-28  7.64139E-28  9.09901E-28  1.08504E-27  1.29520E-27  1.54718E-27  1.84911E-27  2.21076E-27  2.64381E-27  3.16230E-27  3.78304E-27  4.52619E-27  5.41590E-27  6.48115E-27  7.75668E-27  9.28418E-27  1.11137E-26  1.33052E-26  1.59309E-26  1.90775E-26  2.28491E-26  2.73710E-26  3.27942E-26  3.93003E-26  4.71085E-26  5.64831E-26  6.77432E-26  8.12747E-26  9.75446E-26  1.17119E-25  1.40683E-25  1.69072E-25  2.03299E-25
-1.65845E+01  -5.31330E+00  8.46420E-01  3.72159E-21  4.23680E-21  4.86776E-21  5.64036E-21  6.58452E-21  7.73472E-21  9.13097E-21  1.08202E-20  1.28580E-20  1.53107E-20  1.82577E-20  2.17941E-20  2.60341E-20  3.11147E-20  3.72000E-20  4.44869E-20  5.32115E-20  6.36566E-20  7.61614E-20  9.11324E-20  1.09057E-19  1.30520E-19  1.56223E-19  1.87008E-19  2.23884E-19  2.68067E-19  3.21013E-19  3.84477E-19  4.60567E-19  5.51822E-19  6.61300E-19  7.92687E-19  9.50430E-19  1.13990E-18  1.36760E-18  1.64137E-18  1.97074E-18  2.36725E-18  2.84494E-18  3.42088E-18
-1.32710E+01  -1.58794E+00  2.97463E-01  7.22361E-18  8.22364E-18  9.44833E-18  1.09479E-17  1.27806E-17  1.50131E-17  1.77232E-17  2.10020E-17  2.49575E-17  2.97182E-17  3.54383E-17  4.23025E-17  5.05323E-17  6.03937E-17  7.22053E-17  8.63492E-17  1.03284E-16  1.23558E-16  1.47829E-16  1.76888E-16  2.11680E-16  2.53340E-16  3.03230E-16  3.62983E-16  4.34560E-16  5.20318E-16  6.23087E-16  7.46271E-16  8.93961E-16  1.07109E-15  1.28358E-15  1.53861E-15  1.84479E-15  2.21255E-15  2.65451E-15  3.18590E-15  3.82520E-15  4.59484E-15  5.52204E-15  6.63993E-15
-4.89510E-01  -5.30701E+00  1.17091E+00  9.37572E+09  1.06737E+10  1.22632E+10  1.42096E+10  1.65882E+10  1.94859E+10  2.30035E+10  2.72591E+10  3.23930E+10  3.85720E+10  4.59963E+10  5.49055E+10  6.55873E+10  7.83866E+10  9.37172E+10  1.12075E+11  1.34055E+11  1.60369E+11  1.91872E+11  2.29588E+11  2.74745E+11  3.28817E+11  3.93570E+11  4.71125E+11  5.64027E+11  6.75335E+11  8.08722E+11  9.68605E+11  1.16030E+12  1.39019E+12  1.66600E+12  1.99700E+12  2.39440E+12  2.87173E+12  3.44535E+12  4.13506E+12  4.96483E+12  5.96377E+12  7.16721E+12  8.61814E+12
-3.70624E+00  -5.52176E+00  8.75930E-01  2.81861E+05  3.20881E+05  3.68668E+05  4.27182E+05  4.98690E+05  5.85802E+05  6.91549E+05  8.19487E+05  9.73825E+05  1.15959E+06  1.38278E+06  1.65062E+06  1.97174E+06  2.35653E+06  2.81741E+06  3.36929E+06  4.03006E+06  4.82114E+06  5.76821E+06  6.90207E+06  8.25963E+06  9.88518E+06  1.18318E+07  1.41634E+07  1.69563E+07  2.03025E+07  2.43125E+07  2.91190E+07  3.48818E+07  4.17932E+07  5.00847E+07  6.00355E+07  7.19825E+07  8.63325E+07  1.03577E+08  1.24312E+08  1.49257E+08  1.79288E+08  2.15467E+08  2.59086E+08
-1.93442E+01  -2.85038E+00  6.00421E-01  7.15752E-29  8.14840E-29  9.36188E-29  1.08478E-28  1.26636E-28  1.48757E-28  1.75611E-28  2.08099E-28  2.47291E-28  2.94463E-28  3.51140E-28  4.19154E-28  5.00700E-28  5.98411E-28  7.15446E-28  8.55592E-28  1.02339E-27  1.22427E-27  1.46477E-27  1.75270E-27  2.09743E-27  2.51022E-27  3.00455E-27  3.59661E-27  4.30584E-27  5.15558E-27  6.17386E-27  7.39442E-27  8.85782E-27  1.06129E-26  1.27184E-26  1.52453E-26  1.82791E-26  2.19231E-26  2.63022E-26  3.15675E-26  3.79020E-26  4.55280E-26  5.47152E-26  6.57918E-26
-1.01389E+01  -2.60513E+00  5.34917E-01  1.09529E-10  1.24692E-10  1.43262E-10  1.66000E-10  1.93787E-10  2.27638E-10  2.68731E-10  3.18447E-10  3.78421E-10  4.50607E-10  5.37338E-10  6.41418E-10  7.66205E-10  9.15729E-10  1.09482E-09  1.30928E-09  1.56605E-09  1.87346E-09  2.24149E-09  2.68209E-09  3.20963E-09  3.84131E-09  4.59777E-09  5.50378E-09  6.58909E-09  7.88941E-09  9.44766E-09  1.13154E-08  1.35548E-08  1.62405E-08  1.94625E-08  2.33294E-08  2.79719E-08  3.35482E-08  4.02493E-08  4.83066E-08  5.80002E-08  6.96700E-08  8.37288E-08  1.00679E-07
-1.69679E+01  -1.81908E+00  3.85422E-01  4.74331E-25  5.39997E-25  6.20415E-25  7.18886E-25  8.39223E-25  9.85821E-25  1.16378E-24  1.37908E-24  1.63881E-24  1.95142E-24  2.32702E-24  2.77775E-24  3.31816E-24  3.96569E-24  4.74129E-24  5.67004E-24  6.78202E-24  8.11329E-24  9.70707E-24  1.16152E-23  1.38998E-23  1.66353E-23  1.99113E-23  2.38349E-23  2.85350E-23  3.41662E-23  4.09144E-23  4.90031E-23  5.87011E-23  7.03319E-23  8.42853E-23  1.01031E-22  1.21136E-22  1.45285E-22  1.74305E-22  2.09199E-22  2.51178E-22  3.01716E-22  3.62600E-22  4.36004E-22
-1.37476E+01  -2.57731E+00  1.55889E-01  5.61175E-18  6.38864E-18  7.34005E-18  8.50505E-18  9.92874E-18  1.16631E-17  1.37685E-17  1.63157E-17  1.93885E-17  2.30869E-17  2.75307E-17  3.28632E-17  3.92567E-17  4.69176E-17  5.60936E-17  6.70815E-17  8.02372E-17  9.59873E-17  1.14843E-16  1.37418E-16  1.64446E-16  1.96810E-16  2.35568E-16  2.81988E-16  3.37593E-16  4.04216E-16  4.84053E-16  5.79750E-16  6.94485E-16  8.32088E-16  9.97168E-16  1.19529E-15  1.43315E-15  1.71885E-15  2.06219E-15  2.47500E-15  2.97166E-15  3.56956E-15  4.28987E-15  5.15831E-15
-6.03476E+00  -4.20156E+00  8.84225E-01  5.25232E-01  5.97945E-01  6.86992E-01  7.96030E-01  9.29281E-01  1.09161E+00  1.28866E+00  1.52707E+00  1.81467E+00  2.16082E+00  2.57673E+00  3.07583E+00  3.67423E+00  4.39125E+00  5.25008E+00  6.27849E+00  7.50980E+00  8.98393E+00  1.07487E+01  1.28616E+01  1.53914E+01  1.84205E+01  2.20480E+01  2.63926E+01  3.15971E+01  3.78326E+01  4.53050E+01  5.42617E+01  6.50004E+01  7.78793E+01  9.33300E+01  1.11873E+02  1.34135E+02  1.60876E+02  1.93010E+02  2.31648E+02  2.78132E+02  3.34093E+02  4.01510E+02  4.82792E+02
-1.80523E+01  -3.13529E+00  3.47926E-01  4.36833E-26  4.97308E-26  5.71368E-26  6.62054E-26  7.72878E-26  9.07886E-26  1.07178E-25  1.27005E-25  1.50925E-25  1.79715E-25  2.14306E-25  2.55815E-25  3.05584E-25  3.65218E-25  4.36646E-25  5.22179E-25  6.24586E-25  7.47189E-25  8.93968E-25  1.06969E-24  1.28009E-24  1.53202E-24  1.83372E-24  2.19506E-24  2.62791E-24  3.14652E-24  3.76799E-24  4.51292E-24  5.40605E-24  6.47718E-24  7.76221E-24  9.30440E-24  1.11560E-23  1.33800E-23  1.60526E-23  1.92660E-23  2.31321E-23  2.77864E-23  3.33934E-23  4.01536E-23
-1.93845E+01  -3.01668E+00  3.28213E-01  7.43020E-29  8.45883E-29  9.71854E-29  1.12611E-28  1.31461E-28  1.54425E-28  1.82301E-28  2.16027E-28  2.56712E-28  3.05681E-28  3.64518E-28  4.35123E-28  5.19775E-28  6.21209E-28  7.42703E-28  8.88188E-28  1.06237E-27  1.27091E-27  1.52057E-27  1.81947E-27  2.17734E-27  2.60586E-27  3.11902E-27  3.73364E-27  4.46988E-27  5.35199E-27  6.40907E-27  7.67613E-27  9.19528E-27  1.10172E-26  1.32029E-26  1.58261E-26  1.89755E-26  2.27583E-26  2.73042E-26  3.27701E-26  3.93460E-26  4.72625E-26  5.67997E-26  6.82983E-26
-8.41978E-01  -5.45469E+00  1.19227E+00  4.04912E+09  4.60968E+09  5.29616E+09  6.13676E+09  7.16402E+09  8.41544E+09  9.93457E+09  1.17725E+10  1.39897E+10  1.66582E+10  1.98646E+10  2.37122E+10  2.83254E+10  3.38531E+10  4.04739E+10  4.84022E+10  5.78946E+10  6.92590E+10  8.28643E+10  9.91529E+10  1.18655E+11  1.42007E+11  1.69972E+11  2.03466E+11  2.43588E+11  2.91659E+11  3.49265E+11  4.18314E+11  5.01101E+11  6.00387E+11  7.19500E+11  8.62450E+11  1.03408E+12  1.24022E+12  1.48796E+12  1.78582E+12  2.14418E+12  2.57559E+12  3.09533E+12  3.72194E+12
-1.20245E+01  -2.83818E+00  2.27996E-01  2.66797E-14  3.03732E-14  3.48964E-14  4.04351E-14  4.72037E-14  5.54493E-14  6.54589E-14  7.75689E-14  9.21778E-14  1.09761E-13  1.30888E-13  1.56240E-13  1.86636E-13  2.23058E-13  2.66683E-13  3.18922E-13  3.81467E-13  4.56347E-13  5.45992E-13  6.53318E-13  7.81819E-13  9.35686E-13  1.11995E-12  1.34064E-12  1.60500E-12  1.92174E-12  2.30131E-12  2.75627E-12  3.30175E-12  3.95595E-12  4.74078E-12  5.68268E-12  6.81353E-12  8.17183E-12  9.80414E-12  1.17668E-11  1.41280E-11  1.69706E-11  2.03951E-11  2.45239E-11
-1.02427E+01  -1.90495E+00  3.42659E-01  1.56618E-11  1.78300E-11  2.04853E-11  2.37367E-11  2.77101E-11  3.25506E-11  3.84265E-11  4.55355E-11  5.41114E-11  6.44333E-11  7.68353E-11  9.17179E-11  1.09561E-10  1.30942E-10  1.56551E-10  1.87218E-10  2.23934E-10  2.67891E-10  3.20516E-10  3.83519E-10  4.58953E-10  5.49278E-10  6.57446E-10  7.86999E-10  9.42189E-10  1.12813E-09  1.35094E-09  1.61802E-09  1.93824E-09  2.32227E-09  2.78300E-09  3.33592E-09  3.99977E-09  4.79714E-09  5.75535E-09  6.90748E-09  8.29359E-09  9.96228E-09  1.19726E-08  1.43963E-08
-9.96712E+00  -4.91450E+00  1.00119E+00  3.26323E-08  3.71499E-08  4.26824E-08  4.94568E-08  5.77356E-08  6.78209E-08  8.00638E-08  9.48757E-08  1.12744E-07  1.34250E-07  1.60091E-07  1.91099E-07  2.28277E-07  2.72826E-07  3.26184E-07  3.90078E-07  4.66579E-07  5.58165E-07  6.67812E-07  7.99084E-07  9.56255E-07  1.14445E-06  1.36983E-06  1.63976E-06  1.96310E-06  2.35051E-06  2.81477E-06  3.37124E-06  4.03843E-06  4.83858E-06  5.79853E-06  6.95058E-06  8.33374E-06  9.99510E-06  1.19916E-05  1.43921E-05  1.72802E-05  2.07570E-05  2.49456E-05  2.99955E-05
-3.45008E+00  -3.02212E+00  5.83878E-01  4.99525E+03  5.68678E+03  6.53367E+03  7.57069E+03  8.83797E+03  1.03818E+04  1.22559E+04  1.45233E+04  1.72585E+04  2.05506E+04  2.45062E+04  2.92529E+04  3.49439E+04  4.17632E+04  4.99311E+04  5.97119E+04  7.14223E+04  8.54421E+04  1.02226E+05  1.22321E+05  1.46380E+05  1.75189E+05  2.09688E+05  2.51008E+05  3.00506E+05  3.59809E+05  4.30875E+05  5.16058E+05  6.18189E+05  7.40675E+05  8.87620E+05  1.06397E+06  1.27570E+06  1.53002E+06  1.83563E+06  2.20310E+06  2.64519E+06  3.17741E+06  3.81858E+06  4.59162E+06
-5.16778E+00  -2.01524E+00  2.84472E-01  2.70116E-01  3.07511E-01  3.53306E-01  4.09382E-01  4.77910E-01  5.61393E-01  6.62734E-01  7.85340E-01  9.33247E-01  1.11127E+00  1.32516E+00  1.58184E+00  1.88958E+00  2.25833E+00  2.70001E+00  3.22890E+00  3.86214E+00  4.62025E+00  5.52786E+00  6.61447E+00  7.91546E+00  9.47328E+00  1.13388E+01  1.35732E+01  1.62497E+01  1.94565E+01  2.32994E+01  2.79057E+01  3.34284E+01  4.00517E+01  4.79977E+01  5.75339E+01  6.89831E+01  8.27351E+01  9.92613E+01  1.19132E+02  1.43038E+02  1.71817E+02  2.06489E+02  2.48290E+02
-1.91887E+01  -4.07247E+00  8.30306E-01  1.92320E-27  2.18944E-27  2.51550E-27  2.91475E-27  3.40266E-27  3.99705E-27  4.71858E-27  5.59153E-27  6.64461E-27  7.91209E-27  9.43499E-27  1.12625E-26  1.34536E-26  1.60791E-26  1.92237E-26  2.29894E-26  2.74980E-26  3.28956E-26  3.93577E-26  4.70942E-26  5.63572E-26  6.74486E-26  8.07311E-26  9.66395E-26  1.15696E-25  1.38528E-25  1.65889E-25  1.98685E-25  2.38006E-25  2.85164E-25  3.41738E-25  4.09635E-25  4.91151E-25  5.89064E-25  7.06728E-25  8.48205E-25  1.01841E-24  1.22332E-24  1.47017E-24  1.76780E-24
-1.36640E+01  -5.52220E+00  8.89803E-01  4.03934E-15  4.59855E-15  5.28337E-15  6.12194E-15  7.14671E-15  8.39512E-15  9.91058E-15  1.17440E-14  1.39559E-14  1.66180E-14  1.98166E-14  2.36550E-14  2.82570E-14  3.37713E-14  4.03762E-14  4.82853E-14  5.77548E-14  6.90917E-14  8.26641E-14  9.89134E-14  1.18369E-13  1.41664E-13  1.69562E-13  2.02975E-13  2.43000E-13  2.90955E-13  3.48422E-13  4.17304E-13  4.99891E-13  5.98937E-13  7.17762E-13  8.60367E-13  1.03158E-12  1.23723E-12  1.48436E-12  1.78151E-12  2.13900E-12  2.56937E-12  3.08785E-12  3.71296E-12
-1.22367E+00  -4.73258E+00  7.00012E-01  2.40180E+08  2.73430E+08  3.14150E+08  3.64011E+08  4.24945E+08  4.99175E+08  5.89285E+08  6.98303E+08  8.29818E+08  9.88108E+08  1.17830E+09  1.40653E+09  1.68016E+09  2.00805E+09  2.40077E+09  2.87105E+09  3.43411E+09  4.10820E+09  4.91522E+09  5.88140E+09  7.03821E+09  8.42338E+09  1.00822E+10  1.20689E+10  1.44488E+10  1.73002E+10  2.07172E+10  2.48130E+10  2.97236E+10  3.56129E+10  4.26783E+10  5.11576E+10  6.13379E+10  7.35658E+10  8.82604E+10  1.05929E+11  1.27185E+11  1.52775E+11  1.83604E+11  2.20773E+11
-1.83835E+01  -5.35038E+00  8.81556E-01  1.03731E-24  1.18092E-24  1.35678E-24  1.57213E-24  1.83529E-24  2.15588E-24  2.54506E-24  3.01590E-24  3.58390E-24  4.26754E-24  5.08895E-24  6.07465E-24  7.25646E-24  8.67255E-24  1.03687E-23  1.23998E-23  1.48316E-23  1.77429E-23  2.12283E-23  2.54012E-23  3.03973E-23  3.63797E-23  4.35439E-23  5.21244E-23  6.24030E-23  7.47178E-23  8.94755E-23  1.07165E-22  1.28373E-22  1.53808E-22  1.84323E-22  2.20944E-22  2.64912E-22  3.17723E-22  3.81188E-22  4.57495E-22  5.49300E-22  6.59821E-22  7.92967E-22  9.53495E-22
-1.85928E+01  -4.99127E+00  7.98936E-01  1.82353E-25  2.07597E-25  2.38513E-25  2.76369E-25  3.22632E-25  3.78990E-25  4.47404E-25  5.30174E-25  6.30025E-25  7.50204E-25  8.94602E-25  1.06788E-24  1.27564E-24  1.52458E-24  1.82275E-24  2.17980E-24  2.60729E-24  3.11908E-24  3.73180E-24  4.46536E-24  5.34364E-24  6.39531E-24  7.65472E-24  9.16311E-24  1.09700E-23  1.31349E-23  1.57292E-23  1.88388E-23  2.25671E-23  2.70385E-23  3.24027E-23  3.88405E-23  4.65697E-23  5.58536E-23  6.70102E-23  8.04246E-23  9.65632E-23  1.15992E-22  1.39398E-22  1.67618E-22
-1.70153E+01  -1.50186E+00  3.01706E-01  1.97746E-25  2.25121E-25  2.58647E-25  2.99699E-25  3.49867E-25  4.10982E-25  4.85172E-25  5.74929E-25  6.83208E-25  8.13533E-25  9.70120E-25  1.15803E-24  1.38332E-24  1.65327E-24  1.97661E-24  2.36380E-24  2.82738E-24  3.38238E-24  4.04682E-24  4.84230E-24  5.79473E-24  6.93517E-24  8.30089E-24  9.93662E-24  1.18960E-23  1.42437E-23  1.70570E-23  2.04291E-23  2.44721E-23  2.93209E-23  3.51380E-23  4.21192E-23  5.05009E-23  6.05685E-23  7.26669E-23  8.72136E-23  1.04715E-22  1.25783E-22  1.51165E-22  1.81767E-22
-1.30036E+01  -2.04041E+00  1.02050E-01  5.89118E-17  6.70674E-17  7.70553E-17  8.92854E-17  1.04231E-16  1.22438E-16  1.44541E-16  1.71281E-16  2.03539E-16  2.42365E-16  2.89015E-16  3.44995E-16  4.12114E-16  4.92537E-16  5.88866E-16  7.04216E-16  8.42324E-16  1.00767E-15  1.20561E-15  1.44260E-15  1.72635E-15  2.06610E-15  2.47297E-15  2.96028E-15  3.54403E-15  4.24343E-15  5.08155E-15  6.08617E-15  7.29065E-15  8.73519E-15  1.04682E-14  1.25480E-14  1.50451E-14  1.80444E-14  2.16487E-14  2.59824E-14  3.11962E-14  3.74730E-14  4.50347E-14  5.41516E-14
-1.60997E+00  -5.66368E+00  1.21640E+00  5.54958E+08  6.31786E+08  7.25874E+08  8.41083E+08  9.81875E+08  1.15339E+09  1.36160E+09  1.61349E+09  1.91737E+09  2.28312E+09  2.72257E+09  3.24991E+09  3.88218E+09  4.63978E+09  5.54722E+09  6.63383E+09  7.93483E+09  9.49239E+09  1.13571E+10  1.35895E+10  1.62625E+10  1.94630E+10  2.32958E+10  2.78864E+10  3.33854E+10  3.99738E+10  4.78691E+10  5.73327E+10  6.86791E+10  8.22870E+10  9.86122E+10  1.18204E+11  1.41727E+11  1.69981E+11  2.03934E+11  2.44758E+11  2.93874E+11  3.53002E+11  4.24234E+11  5.10117E+11
-1.45851E+01  -4.86108E+00  7.46018E-01  1.40811E-17  1.60305E-17  1.84178E-17  2.13411E-17  2.49134E-17  2.92654E-17  3.45483E-17  4.09398E-17  4.86501E-17  5.79303E-17  6.90806E-17  8.24612E-17  9.85038E-17  1.17727E-16  1.40751E-16  1.68322E-16  2.01333E-16  2.40854E-16  2.88167E-16  3.44812E-16  4.12633E-16  4.93842E-16  5.91092E-16  7.07570E-16  8.47098E-16  1.01427E-15  1.21460E-15  1.45472E-15  1.74262E-15  2.08789E-15  2.50212E-15  2.99924E-15  3.59609E-15  4.31298E-15  5.17449E-15  6.21034E-15  7.45655E-15  8.95683E-15  1.07642E-14  1.29434E-14
-6.84163E+00  -3.94084E+00  8.17577E-01  7.24991E-03  8.25358E-03  9.48273E-03  1.09878E-02  1.28271E-02  1.50678E-02  1.77878E-02  2.10785E-02  2.50483E-02  2.98264E-02  3.55673E-02  4.24565E-02  5.07163E-02  6.06136E-02  7.24682E-02  8.66636E-02  1.03660E-01  1.24007E-01  1.48368E-01  1.77532E-01  2.12451E-01  2.54263E-01  3.04334E-01  3.64304E-01  4.36142E-01  5.22213E-01  6.25356E-01  7.48988E-01  8.97216E-01  1.07499E+00  1.28826E+00  1.54421E+00  1.85150E+00  2.22061E+00  2.66417E+00  3.19750E+00  3.83913E+00  4.61157E+00  5.54215E+00  6.66410E+00
-1.47265E+01  -3.57593E+00  4.43656E-01  4.86585E-19  5.53947E-19  6.36442E-19  7.37457E-19  8.60903E-19  1.01129E-18  1.19384E-18  1.41470E-18  1.68114E-18  2.00183E-18  2.38713E-18  2.84951E-18  3.40387E-18  4.06814E-18  4.86377E-18  5.81651E-18  6.95722E-18  8.32288E-18  9.95783E-18  1.19152E-17  1.42588E-17  1.70651E-17  2.04256E-17  2.44506E-17  2.92721E-17  3.50488E-17  4.19714E-17  5.02690E-17  6.02175E-17  7.21488E-17  8.64626E-17  1.03641E-16  1.24265E-16  1.49038E-16  1.78808E-16  2.14603E-16  2.57667E-16  3.09510E-16  3.71967E-16  4.47268E-16
-1.12313E+00  -5.57550E+00  9.14165E-01  1.86677E+09  2.12521E+09  2.44170E+09  2.82924E+09  3.30284E+09  3.87978E+09  4.58015E+09  5.42749E+09  6.44967E+09  7.67997E+09  9.15819E+09  1.09321E+10  1.30589E+10  1.56073E+10  1.86598E+10  2.23149E+10  2.66912E+10  3.19306E+10  3.82030E+10  4.57126E+10  5.47038E+10  6.54698E+10  7.83626E+10  9.38043E+10  1.12302E+11  1.34464E+11  1.61022E+11  1.92856E+11  2.31023E+11  2.76797E+11  3.31712E+11  3.97617E+11  4.76742E+11  5.71782E+11  6.85995E+11  8.23320E+11  9.88534E+11  1.18743E+12  1.42704E+12  1.71593E+12
-1.68168E+01  -3.28257E+00  6.72790E-01  1.99791E-23  2.27450E-23  2.61322E-23  3.02799E-23  3.53485E-23  4.15233E-23  4.90190E-23  5.80875E-23  6.90275E-23  8.21947E-23  9.80153E-23  1.17000E-22  1.39763E-22  1.67037E-22  1.99706E-22  2.38825E-22  2.85662E-22  3.41736E-22  4.08867E-22  4.89238E-22  5.85466E-22  7.00689E-22  8.38674E-22  1.00394E-21  1.20191E-21  1.43910E-21  1.72334E-21  2.06404E-21  2.47252E-21  2.96242E-21  3.55014E-21  4.25548E-21  5.10232E-21  6.11949E-21  7.34184E-21  8.81156E-21  1.05798E-20  1.27084E-20  1.52729E-20  1.83647E-20
-1.37012E+01  -4.50750E+00  9.06537E-01  4.57097E-16  5.20377E-16  5.97873E-16  6.92766E-16  8.08731E-16  9.50002E-16  1.12149E-15  1.32897E-15  1.57926E-15  1.88051E-15  2.24247E-15  2.67682E-15  3.19759E-15  3.82160E-15  4.56902E-15  5.46402E-15  6.53560E-15  7.81850E-15  9.35438E-15  1.11932E-14  1.33947E-14  1.60309E-14  1.91878E-14  2.29689E-14  2.74982E-14  3.29248E-14  3.94278E-14  4.72226E-14  5.65683E-14  6.77765E-14  8.12229E-14  9.73602E-14  1.16735E-13  1.40006E-13  1.67972E-13  2.01598E-13  2.42052E-13  2.90753E-13  3.49425E-13  4.20163E-13
-1.83471E+01  -2.33248E+00  9.61621E-02  2.16534E-27  2.46511E-27  2.83222E-27  3.28175E-27  3.83109E-27  4.50031E-27  5.31270E-27  6.29555E-27  7.48123E-27  8.90830E-27  1.06230E-26  1.26806E-26  1.51475E-26  1.81036E-26  2.16442E-26  2.58840E-26  3.09602E-26  3.70375E-26  4.43132E-26  5.30239E-26  6.34531E-26  7.59410E-26  9.08959E-26  1.08807E-25  1.30263E-25  1.55970E-25  1.86776E-25  2.23701E-25  2.67973E-25  3.21068E-25  3.84766E-25  4.61211E-25  5.52992E-25  6.63233E-25  7.95712E-25  9.55002E-25  1.14664E-24  1.37735E-24  1.65528E-24  1.99038E-24
-1.16952E+01  -5.58964E+00  1.11247E+00  4.84371E-11  5.51427E-11  6.33547E-11  7.34102E-11  8.56986E-11  1.00669E-10  1.18841E-10  1.40827E-10  1.67349E-10  1.99272E-10  2.37627E-10  2.83654E-10  3.38839E-10  4.04963E-10  4.84164E-10  5.79005E-10  6.92556E-10  8.28501E-10  9.91253E-10  1.18610E-09  1.41940E-09  1.69874E-09  2.03327E-09  2.43394E-09  2.91389E-09  3.48893E-09  4.17804E-09  5.00403E-09  5.99436E-09  7.18205E-09  8.60693E-09  1.03170E-08  1.23700E-08  1.48360E-08  1.77995E-08  2.13627E-08  2.56495E-08  3.08102E-08  3.70274E-08  4.45233E-08
-1.16065E+01  -4.33056E+00  8.76502E-01  4.85602E-12  5.52829E-12  6.35157E-12  7.35968E-12  8.59165E-12  1.00925E-11  1.19143E-11  1.41185E-11  1.67775E-11  1.99778E-11  2.38231E-11  2.84375E-11  3.39700E-11  4.05992E-11  4.85395E-11  5.80477E-11  6.94317E-11  8.30607E-11  9.93773E-11  1.18912E-10  1.42301E-10  1.70306E-10  2.03844E-10  2.44013E-10  2.92130E-10  3.49780E-10  4.18866E-10  5.01675E-10  6.00959E-10  7.20031E-10  8.62881E-10  1.03432E-09  1.24015E-09  1.48737E-09  1.78447E-09  2.14170E-09  2.57147E-09  3.08885E-09  3.71216E-09  4.46365E-09
-3.51170E-02  -4.07148E+00  8.60913E-01  3.12038E+09  3.55237E+09  4.08139E+09  4.72919E+09  5.52082E+09  6.48521E+09  7.65590E+09  9.07225E+09  1.07809E+10  1.28374E+10  1.53083E+10  1.82734E+10  2.18285E+10  2.60883E+10  3.11905E+10  3.73003E+10  4.46154E+10  5.33732E+10  6.38579E+10  7.64104E+10  9.14395E+10  1.09435E+11  1.30986E+11  1.56798E+11  1.87717E+11  2.24762E+11  2.69155E+11  3.22367E+11  3.86165E+11  4.62678E+11  5.54470E+11  6.64632E+11  7.96893E+11  9.55757E+11  1.14667E+12  1.37621E+12  1.65237E+12  1.98483E+12  2.38536E+12  2.86825E+12
-1.70978E+01  -3.83991E+00  5.26764E-01  1.54137E-23  1.75475E-23  2.01607E-23  2.33606E-23  2.72710E-23  3.20348E-23  3.78176E-23  4.48139E-23  5.32539E-23  6.34123E-23  7.56178E-23  9.02645E-23  1.07825E-22  1.28867E-22  1.54071E-22  1.84251E-22  2.20385E-22  2.63646E-22  3.15437E-22  3.77442E-22  4.51680E-22  5.40574E-22  6.47028E-22  7.74528E-22  9.27259E-22  1.11025E-21  1.32954E-21  1.59238E-21  1.90752E-21  2.28547E-21  2.73890E-21  3.28306E-21  3.93639E-21  4.72112E-21  5.66415E-21  6.79803E-21  8.16217E-21  9.80442E-21  1.17829E-20  1.41682E-20
